------------------------------------------------------------------------------------------------------------------------------------
                                           "UNIVERSIDAD TÉCNICA PARTICULAR DE LOJA"
                                                TITULACIÓN DE INGENIRÍA CIVIL
                                        LABORATORIO VIRTUAL DE INGENIERÍA SÍSMICA (VLEE)

LABORATORIO: Dinámica de estructuras
EXPERMIENTO: Espectro de diseño
CARACTERÍSTICA DEL EXPERIMENTO:
Obtiene el espectro de diseño basado en el criterio del promedio de "n" espectros de respuesta
HORA-FECHA:
28-Jul-2016 10:49:05
-------------------------------------------------------------------------------------------------------------------------------------
DATOS DE SALIDA:
ESPECTRO DE PseudoVelocidad
NaN NaN NaN NaN NaN NaN NaN NaN NaN 0.0000
Inf Inf Inf Inf Inf Inf Inf Inf Inf 0.0100
0.0847 0.0847 0.0847 0.0847 0.0847 1.0614 1.0614 1.0614 0.4510 0.0201
0.1273 0.1273 0.1273 0.1273 0.1273 1.8582 1.8582 1.8582 0.7764 0.0301
0.1666 0.1666 0.1666 0.1666 0.1666 2.4529 2.4529 2.4529 1.0240 0.0401
0.2111 0.2111 0.2111 0.2111 0.2111 2.9972 2.9972 2.9972 1.2559 0.0501
0.2778 0.2778 0.2778 0.2778 0.2778 4.1007 4.1007 4.1007 1.7114 0.0602
0.3271 0.3271 0.3271 0.3271 0.3271 4.4924 4.4924 4.4924 1.8891 0.0702
0.3809 0.3809 0.3809 0.3809 0.3809 5.5411 5.5411 5.5411 2.3160 0.0802
0.4714 0.4714 0.4714 0.4714 0.4714 6.5700 6.5700 6.5700 2.7584 0.0902
0.5600 0.5600 0.5600 0.5600 0.5600 8.2121 8.2121 8.2121 3.4295 0.1003
0.6899 0.6899 0.6899 0.6899 0.6899 11.8364 11.8364 11.8364 4.8699 0.1103
0.9843 0.9843 0.9843 0.9843 0.9843 10.9133 10.9133 10.9133 4.7077 0.1203
1.2530 1.2530 1.2530 1.2530 1.2530 11.5138 11.5138 11.5138 5.1008 0.1303
1.2667 1.2667 1.2667 1.2667 1.2667 18.3632 18.3632 18.3632 7.6779 0.1404
1.3914 1.3914 1.3914 1.3914 1.3914 19.5558 19.5558 19.5558 8.2031 0.1504
1.5639 1.5639 1.5639 1.5639 1.5639 16.0442 16.0442 16.0442 6.9940 0.1604
1.7763 1.7763 1.7763 1.7763 1.7763 17.2930 17.2930 17.2930 7.5951 0.1704
1.6360 1.6360 1.6360 1.6360 1.6360 16.9825 16.9825 16.9825 7.3909 0.1805
1.9805 1.9805 1.9805 1.9805 1.9805 16.5960 16.5960 16.5960 7.4613 0.1905
2.3076 2.3076 2.3076 2.3076 2.3076 21.3015 21.3015 21.3015 9.4303 0.2005
2.4595 2.4595 2.4595 2.4595 2.4595 26.5246 26.5246 26.5246 11.4839 0.2105
2.8467 2.8467 2.8467 2.8467 2.8467 27.6649 27.6649 27.6649 12.1535 0.2206
2.4809 2.4809 2.4809 2.4809 2.4809 26.8001 26.8001 26.8001 11.6006 0.2306
2.9631 2.9631 2.9631 2.9631 2.9631 23.0585 23.0585 23.0585 10.4988 0.2406
3.3576 3.3576 3.3576 3.3576 3.3576 23.7025 23.7025 23.7025 10.9870 0.2506
3.3482 3.3482 3.3482 3.3482 3.3482 25.3383 25.3383 25.3383 11.5945 0.2607
3.2676 3.2676 3.2676 3.2676 3.2676 25.8464 25.8464 25.8464 11.7347 0.2707
3.1743 3.1743 3.1743 3.1743 3.1743 26.2574 26.2574 26.2574 11.8305 0.2807
3.4415 3.4415 3.4415 3.4415 3.4415 29.3075 29.3075 29.3075 13.1412 0.2907
3.4889 3.4889 3.4889 3.4889 3.4889 36.0673 36.0673 36.0673 15.7058 0.3008
3.6774 3.6774 3.6774 3.6774 3.6774 43.9710 43.9710 43.9710 18.7875 0.3108
4.2426 4.2426 4.2426 4.2426 4.2426 50.0048 50.0048 50.0048 21.4034 0.3208
4.5739 4.5739 4.5739 4.5739 4.5739 53.1560 53.1560 53.1560 22.7922 0.3308
4.8989 4.8989 4.8989 4.8989 4.8989 52.4785 52.4785 52.4785 22.7413 0.3409
5.0204 5.0204 5.0204 5.0204 5.0204 49.0007 49.0007 49.0007 21.5130 0.3509
4.8199 4.8199 4.8199 4.8199 4.8199 47.2745 47.2745 47.2745 20.7404 0.3609
4.4219 4.4219 4.4219 4.4219 4.4219 43.3879 43.3879 43.3879 19.0341 0.3709
4.0557 4.0557 4.0557 4.0557 4.0557 38.7343 38.7343 38.7343 17.0602 0.3810
4.0877 4.0877 4.0877 4.0877 4.0877 34.8859 34.8859 34.8859 15.6370 0.3910
4.3807 4.3807 4.3807 4.3807 4.3807 32.5335 32.5335 32.5335 14.9380 0.4010
4.2881 4.2881 4.2881 4.2881 4.2881 32.2288 32.2288 32.2288 14.7658 0.4110
4.6639 4.6639 4.6639 4.6639 4.6639 34.2631 34.2631 34.2631 15.7636 0.4211
4.7758 4.7758 4.7758 4.7758 4.7758 37.5362 37.5362 37.5362 17.0609 0.4311
4.7466 4.7466 4.7466 4.7466 4.7466 41.3683 41.3683 41.3683 18.4797 0.4411
5.2878 5.2878 5.2878 5.2878 5.2878 44.8643 44.8643 44.8643 20.1290 0.4511
5.5061 5.5061 5.5061 5.5061 5.5061 47.5663 47.5663 47.5663 21.2787 0.4612
5.4532 5.4532 5.4532 5.4532 5.4532 49.3802 49.3802 49.3802 21.9259 0.4712
5.2393 5.2393 5.2393 5.2393 5.2393 49.9638 49.9638 49.9638 22.0110 0.4812
5.2345 5.2345 5.2345 5.2345 5.2345 49.3484 49.3484 49.3484 21.7772 0.4912
5.3615 5.3615 5.3615 5.3615 5.3615 48.7704 48.7704 48.7704 21.6399 0.5013
5.4140 5.4140 5.4140 5.4140 5.4140 47.3585 47.3585 47.3585 21.1432 0.5113
5.5510 5.5510 5.5510 5.5510 5.5510 45.1403 45.1403 45.1403 20.3970 0.5213
5.5195 5.5195 5.5195 5.5195 5.5195 43.2699 43.2699 43.2699 19.6759 0.5313
5.3801 5.3801 5.3801 5.3801 5.3801 40.6999 40.6999 40.6999 18.6250 0.5414
5.2810 5.2810 5.2810 5.2810 5.2810 37.6886 37.6886 37.6886 17.4338 0.5514
5.3777 5.3777 5.3777 5.3777 5.3777 34.3953 34.3953 34.3953 16.2593 0.5614
5.1376 5.1376 5.1376 5.1376 5.1376 30.9028 30.9028 30.9028 14.7996 0.5714
5.4950 5.4950 5.4950 5.4950 5.4950 28.6809 28.6809 28.6809 14.1897 0.5815
5.9989 5.9989 5.9989 5.9989 5.9989 26.2721 26.2721 26.2721 13.6014 0.5915
6.3882 6.3882 6.3882 6.3882 6.3882 25.4611 25.4611 25.4611 13.5406 0.6015
6.6476 6.6476 6.6476 6.6476 6.6476 25.6526 25.6526 25.6526 13.7745 0.6115
6.7769 6.7769 6.7769 6.7769 6.7769 25.7703 25.7703 25.7703 13.8995 0.6216
6.8330 6.8330 6.8330 6.8330 6.8330 25.8859 25.8859 25.8859 13.9778 0.6316
6.8068 6.8068 6.8068 6.8068 6.8068 25.9771 25.9771 25.9771 13.9956 0.6416
6.6640 6.6640 6.6640 6.6640 6.6640 26.0047 26.0047 26.0047 13.9168 0.6516
6.3073 6.3073 6.3073 6.3073 6.3073 25.9733 25.9733 25.9733 13.6820 0.6617
5.7849 5.7849 5.7849 5.7849 5.7849 25.9790 25.9790 25.9790 13.3577 0.6717
5.3967 5.3967 5.3967 5.3967 5.3967 25.9366 25.9366 25.9366 13.0992 0.6817
5.4759 5.4759 5.4759 5.4759 5.4759 25.8427 25.8427 25.8427 13.1135 0.6917
5.5810 5.5810 5.5810 5.5810 5.5810 25.7598 25.7598 25.7598 13.1480 0.7018
5.7232 5.7232 5.7232 5.7232 5.7232 25.6614 25.6614 25.6614 13.2000 0.7118
5.8342 5.8342 5.8342 5.8342 5.8342 25.5395 25.5395 25.5395 13.2237 0.7218
5.8699 5.8699 5.8699 5.8699 5.8699 25.4377 25.4377 25.4377 13.2078 0.7318
5.8134 5.8134 5.8134 5.8134 5.8134 25.5885 25.5885 25.5885 13.2290 0.7419
5.6956 5.6956 5.6956 5.6956 5.6956 26.6473 26.6473 26.6473 13.5525 0.7519
5.5345 5.5345 5.5345 5.5345 5.5345 27.1038 27.1038 27.1038 13.6230 0.7619
5.3331 5.3331 5.3331 5.3331 5.3331 26.9591 26.9591 26.9591 13.4429 0.7719
5.0830 5.0830 5.0830 5.0830 5.0830 26.2576 26.2576 26.2576 13.0235 0.7820
5.4946 5.4946 5.4946 5.4946 5.4946 27.0137 27.0137 27.0137 13.5643 0.7920
5.9582 5.9582 5.9582 5.9582 5.9582 28.1810 28.1810 28.1810 14.2918 0.8020
6.2864 6.2864 6.2864 6.2864 6.2864 29.1774 29.1774 29.1774 14.8705 0.8120
6.4283 6.4283 6.4283 6.4283 6.4283 30.0931 30.0931 30.0931 15.3026 0.8221
6.3850 6.3850 6.3850 6.3850 6.3850 30.8070 30.8070 30.8070 15.5432 0.8321
6.3776 6.3776 6.3776 6.3776 6.3776 31.3168 31.3168 31.3168 15.7298 0.8421
6.7080 6.7080 6.7080 6.7080 6.7080 31.7534 31.7534 31.7534 16.1000 0.8521
6.9264 6.9264 6.9264 6.9264 6.9264 31.9794 31.9794 31.9794 16.3213 0.8622
7.0922 7.0922 7.0922 7.0922 7.0922 32.0423 32.0423 32.0423 16.4485 0.8722
7.2220 7.2220 7.2220 7.2220 7.2220 32.0022 32.0022 32.0022 16.5146 0.8822
7.3205 7.3205 7.3205 7.3205 7.3205 31.7644 31.7644 31.7644 16.4870 0.8922
7.3815 7.3815 7.3815 7.3815 7.3815 31.4490 31.4490 31.4490 16.4068 0.9023
7.3809 7.3809 7.3809 7.3809 7.3809 30.9798 30.9798 30.9798 16.2305 0.9123
7.3296 7.3296 7.3296 7.3296 7.3296 30.3992 30.3992 30.3992 15.9807 0.9223
7.2170 7.2170 7.2170 7.2170 7.2170 29.7262 29.7262 29.7262 15.6579 0.9323
7.0609 7.0609 7.0609 7.0609 7.0609 28.9403 28.9403 28.9403 15.2657 0.9424
6.8873 6.8873 6.8873 6.8873 6.8873 28.0927 28.0927 28.0927 14.8393 0.9524
6.7164 6.7164 6.7164 6.7164 6.7164 27.1616 27.1616 27.1616 14.3834 0.9624
6.5666 6.5666 6.5666 6.5666 6.5666 26.1685 26.1685 26.1685 13.9173 0.9724
6.6082 6.6082 6.6082 6.6082 6.6082 25.8623 25.8623 25.8623 13.8285 0.9825
6.8093 6.8093 6.8093 6.8093 6.8093 26.2583 26.2583 26.2583 14.1026 0.9925
6.9647 6.9647 6.9647 6.9647 6.9647 27.4785 27.4785 27.4785 14.6574 1.0025
7.0659 7.0659 7.0659 7.0659 7.0659 28.5305 28.5305 28.5305 15.1151 1.0125
7.0988 7.0988 7.0988 7.0988 7.0988 29.4090 29.4090 29.4090 15.4651 1.0226
7.0793 7.0793 7.0793 7.0793 7.0793 30.1036 30.1036 30.1036 15.7134 1.0326
7.0000 7.0000 7.0000 7.0000 7.0000 30.5897 30.5897 30.5897 15.8461 1.0426
6.8535 6.8535 6.8535 6.8535 6.8535 30.8421 30.8421 30.8421 15.8492 1.0526
6.7827 6.7827 6.7827 6.7827 6.7827 30.8665 30.8665 30.8665 15.8141 1.0627
6.7595 6.7595 6.7595 6.7595 6.7595 30.6704 30.6704 30.6704 15.7261 1.0727
6.6359 6.6359 6.6359 6.6359 6.6359 30.2709 30.2709 30.2709 15.4990 1.0827
6.4335 6.4335 6.4335 6.4335 6.4335 29.7395 29.7395 29.7395 15.1733 1.0927
6.2002 6.2002 6.2002 6.2002 6.2002 29.1217 29.1217 29.1217 14.7958 1.1028
5.9840 5.9840 5.9840 5.9840 5.9840 28.5945 28.5945 28.5945 14.4629 1.1128
6.2338 6.2338 6.2338 6.2338 6.2338 28.3225 28.3225 28.3225 14.5171 1.1228
6.4378 6.4378 6.4378 6.4378 6.4378 27.9165 27.9165 27.9165 14.4923 1.1328
6.5975 6.5975 6.5975 6.5975 6.5975 27.3950 27.3950 27.3950 14.3966 1.1429
6.7036 6.7036 6.7036 6.7036 6.7036 26.8900 26.8900 26.8900 14.2735 1.1529
6.7531 6.7531 6.7531 6.7531 6.7531 26.6612 26.6612 26.6612 14.2187 1.1629
6.7418 6.7418 6.7418 6.7418 6.7418 26.4006 26.4006 26.4006 14.1139 1.1729
6.6875 6.6875 6.6875 6.6875 6.6875 26.0926 26.0926 26.0926 13.9644 1.1830
6.6026 6.6026 6.6026 6.6026 6.6026 25.7798 25.7798 25.7798 13.7941 1.1930
6.5022 6.5022 6.5022 6.5022 6.5022 25.4373 25.4373 25.4373 13.6029 1.2030
6.3947 6.3947 6.3947 6.3947 6.3947 25.0551 25.0551 25.0551 13.3923 1.2130
6.2723 6.2723 6.2723 6.2723 6.2723 24.6701 24.6701 24.6701 13.1715 1.2231
6.1306 6.1306 6.1306 6.1306 6.1306 24.2631 24.2631 24.2631 12.9303 1.2331
6.2378 6.2378 6.2378 6.2378 6.2378 23.8236 23.8236 23.8236 12.8325 1.2431
6.7182 6.7182 6.7182 6.7182 6.7182 23.3808 23.3808 23.3808 12.9667 1.2531
7.1710 7.1710 7.1710 7.1710 7.1710 22.9248 22.9248 22.9248 13.0787 1.2632
7.5582 7.5582 7.5582 7.5582 7.5582 22.4427 22.4427 22.4427 13.1398 1.2732
7.8605 7.8605 7.8605 7.8605 7.8605 21.9552 21.9552 21.9552 13.1460 1.2832
8.0680 8.0680 8.0680 8.0680 8.0680 21.4637 21.4637 21.4637 13.0914 1.2932
8.1826 8.1826 8.1826 8.1826 8.1826 20.9516 20.9516 20.9516 12.9710 1.3033
8.2173 8.2173 8.2173 8.2173 8.2173 20.4292 20.4292 20.4292 12.7968 1.3133
8.1892 8.1892 8.1892 8.1892 8.1892 20.3327 20.3327 20.3327 12.7430 1.3233
8.1134 8.1134 8.1134 8.1134 8.1134 20.2673 20.2673 20.2673 12.6711 1.3333
8.0012 8.0012 8.0012 8.0012 8.0012 20.1882 20.1882 20.1882 12.5713 1.3434
7.8722 7.8722 7.8722 7.8722 7.8722 20.1148 20.1148 20.1148 12.4632 1.3534
8.0438 8.0438 8.0438 8.0438 8.0438 20.0321 20.0321 20.0321 12.5394 1.3634
8.1307 8.1307 8.1307 8.1307 8.1307 19.9371 19.9371 19.9371 12.5581 1.3734
8.1280 8.1280 8.1280 8.1280 8.1280 19.8305 19.8305 19.8305 12.5164 1.3835
8.0385 8.0385 8.0385 8.0385 8.0385 19.7130 19.7130 19.7130 12.4164 1.3935
7.8754 7.8754 7.8754 7.8754 7.8754 19.5899 19.5899 19.5899 12.2683 1.4035
7.6615 7.6615 7.6615 7.6615 7.6615 19.4716 19.4716 19.4716 12.0903 1.4135
7.6651 7.6651 7.6651 7.6651 7.6651 19.3435 19.3435 19.3435 12.0445 1.4236
7.6575 7.6575 7.6575 7.6575 7.6575 19.6023 19.6023 19.6023 12.1368 1.4336
7.6508 7.6508 7.6508 7.6508 7.6508 19.9466 19.9466 19.9466 12.2618 1.4436
7.6540 7.6540 7.6540 7.6540 7.6540 20.1110 20.1110 20.1110 12.3253 1.4536
7.6589 7.6589 7.6589 7.6589 7.6589 20.0604 20.0604 20.0604 12.3094 1.4637
7.6442 7.6442 7.6442 7.6442 7.6442 20.4746 20.4746 20.4746 12.4556 1.4737
7.5899 7.5899 7.5899 7.5899 7.5899 20.7589 20.7589 20.7589 12.5283 1.4837
7.7318 7.7318 7.7318 7.7318 7.7318 20.8819 20.8819 20.8819 12.6631 1.4937
7.9690 7.9690 7.9690 7.9690 7.9690 20.8667 20.8667 20.8667 12.8056 1.5038
8.1349 8.1349 8.1349 8.1349 8.1349 20.7177 20.7177 20.7177 12.8535 1.5138
8.2310 8.2310 8.2310 8.2310 8.2310 20.4211 20.4211 20.4211 12.8023 1.5238
8.2574 8.2574 8.2574 8.2574 8.2574 19.9667 19.9667 19.9667 12.6484 1.5338
8.2278 8.2278 8.2278 8.2278 8.2278 19.3564 19.3564 19.3564 12.4010 1.5439
8.1479 8.1479 8.1479 8.1479 8.1479 18.6229 18.6229 18.6229 12.0760 1.5539
8.0268 8.0268 8.0268 8.0268 8.0268 17.7850 17.7850 17.7850 11.6861 1.5639
7.8724 7.8724 7.8724 7.8724 7.8724 16.8822 16.8822 16.8822 11.2511 1.5739
7.6921 7.6921 7.6921 7.6921 7.6921 16.5908 16.5908 16.5908 11.0291 1.5840
7.4939 7.4939 7.4939 7.4939 7.4939 16.3918 16.3918 16.3918 10.8306 1.5940
7.5153 7.5153 7.5153 7.5153 7.5153 16.1898 16.1898 16.1898 10.7682 1.6040
7.7474 7.7474 7.7474 7.7474 7.7474 15.9851 15.9851 15.9851 10.8365 1.6140
7.9785 7.9785 7.9785 7.9785 7.9785 15.7780 15.7780 15.7780 10.9033 1.6241
8.1926 8.1926 8.1926 8.1926 8.1926 15.5785 15.5785 15.5785 10.9623 1.6341
8.3755 8.3755 8.3755 8.3755 8.3755 15.3770 15.3770 15.3770 11.0011 1.6441
8.5152 8.5152 8.5152 8.5152 8.5152 15.2807 15.2807 15.2807 11.0523 1.6541
8.6077 8.6077 8.6077 8.6077 8.6077 15.2315 15.2315 15.2315 11.0916 1.6642
8.6479 8.6479 8.6479 8.6479 8.6479 15.1859 15.1859 15.1859 11.0997 1.6742
8.6407 8.6407 8.6407 8.6407 8.6407 15.1398 15.1398 15.1398 11.0779 1.6842
8.5984 8.5984 8.5984 8.5984 8.5984 15.0932 15.0932 15.0932 11.0339 1.6942
8.5774 8.5774 8.5774 8.5774 8.5774 15.0461 15.0461 15.0461 11.0031 1.7043
8.5672 8.5672 8.5672 8.5672 8.5672 14.9986 14.9986 14.9986 10.9790 1.7143
8.5472 8.5472 8.5472 8.5472 8.5472 14.9507 14.9507 14.9507 10.9485 1.7243
8.5151 8.5151 8.5151 8.5151 8.5151 14.9024 14.9024 14.9024 10.9103 1.7343
8.4762 8.4762 8.4762 8.4762 8.4762 14.8537 14.8537 14.8537 10.8678 1.7444
8.4232 8.4232 8.4232 8.4232 8.4232 14.8048 14.8048 14.8048 10.8163 1.7544
8.3494 8.3494 8.3494 8.3494 8.3494 14.7555 14.7555 14.7555 10.7517 1.7644
8.5370 8.5370 8.5370 8.5370 8.5370 14.7060 14.7060 14.7060 10.8504 1.7744
8.8086 8.8086 8.8086 8.8086 8.8086 14.6563 14.6563 14.6563 11.0014 1.7845
9.0637 9.0637 9.0637 9.0637 9.0637 14.6063 14.6063 14.6063 11.1422 1.7945
9.2927 9.2927 9.2927 9.2927 9.2927 14.5561 14.5561 14.5561 11.2665 1.8045
9.4880 9.4880 9.4880 9.4880 9.4880 14.5058 14.5058 14.5058 11.3697 1.8145
9.6469 9.6469 9.6469 9.6469 9.6469 14.4553 14.4553 14.4553 11.4500 1.8246
9.7643 9.7643 9.7643 9.7643 9.7643 14.4057 14.4057 14.4057 11.5048 1.8346
9.8391 9.8391 9.8391 9.8391 9.8391 14.3582 14.3582 14.3582 11.5338 1.8446
9.8722 9.8722 9.8722 9.8722 9.8722 14.3106 14.3106 14.3106 11.5366 1.8546
9.8658 9.8658 9.8658 9.8658 9.8658 14.2628 14.2628 14.2628 11.5147 1.8647
9.9139 9.9139 9.9139 9.9139 9.9139 14.2149 14.2149 14.2149 11.5268 1.8747
10.1198 10.1198 10.1198 10.1198 10.1198 14.1668 14.1668 14.1668 11.6374 1.8847
10.2799 10.2799 10.2799 10.2799 10.2799 14.1186 14.1186 14.1186 11.7194 1.8947
10.3993 10.3993 10.3993 10.3993 10.3993 14.0703 14.0703 14.0703 11.7759 1.9048
10.4759 10.4759 10.4759 10.4759 10.4759 14.0219 14.0219 14.0219 11.8057 1.9148
10.5077 10.5077 10.5077 10.5077 10.5077 13.9735 13.9735 13.9735 11.8074 1.9248
10.4912 10.4912 10.4912 10.4912 10.4912 13.9250 13.9250 13.9250 11.7789 1.9348
10.4230 10.4230 10.4230 10.4230 10.4230 13.8765 13.8765 13.8765 11.7181 1.9449
10.3059 10.3059 10.3059 10.3059 10.3059 13.8280 13.8280 13.8280 11.6267 1.9549
10.5054 10.5054 10.5054 10.5054 10.5054 13.7794 13.7794 13.7794 11.7331 1.9649
10.6985 10.6985 10.6985 10.6985 10.6985 13.7308 13.7308 13.7308 11.8356 1.9749
10.8818 10.8818 10.8818 10.8818 10.8818 13.6823 13.6823 13.6823 11.9320 1.9850
11.0556 11.0556 11.0556 11.0556 11.0556 13.6338 13.6338 13.6338 12.0224 1.9950
11.2209 11.2209 11.2209 11.2209 11.2209 13.5853 13.5853 13.5853 12.1076 2.0050
11.3787 11.3787 11.3787 11.3787 11.3787 13.5368 13.5368 13.5368 12.1880 2.0150
11.5291 11.5291 11.5291 11.5291 11.5291 13.4884 13.4884 13.4884 12.2639 2.0251
11.6710 11.6710 11.6710 11.6710 11.6710 13.4413 13.4413 13.4413 12.3349 2.0351
11.8016 11.8016 11.8016 11.8016 11.8016 13.3953 13.3953 13.3953 12.3993 2.0451
11.9167 11.9167 11.9167 11.9167 11.9167 13.3494 13.3494 13.3494 12.4540 2.0551
12.0110 12.0110 12.0110 12.0110 12.0110 13.3036 13.3036 13.3036 12.4957 2.0652
12.0787 12.0787 12.0787 12.0787 12.0787 13.2577 13.2577 13.2577 12.5208 2.0752
12.1143 12.1143 12.1143 12.1143 12.1143 13.2119 13.2119 13.2119 12.5259 2.0852
12.1138 12.1138 12.1138 12.1138 12.1138 13.1662 13.1662 13.1662 12.5085 2.0952
12.0763 12.0763 12.0763 12.0763 12.0763 13.1205 13.1205 13.1205 12.4679 2.1053
11.9978 11.9978 11.9978 11.9978 11.9978 13.0749 13.0749 13.0749 12.4018 2.1153
11.8795 11.8795 11.8795 11.8795 11.8795 13.0294 13.0294 13.0294 12.3107 2.1253
11.7246 11.7246 11.7246 11.7246 11.7246 12.9840 12.9840 12.9840 12.1969 2.1353
11.5394 11.5394 11.5394 11.5394 11.5394 12.9387 12.9387 12.9387 12.0642 2.1454
11.3296 11.3296 11.3296 11.3296 11.3296 12.8934 12.8934 12.8934 11.9161 2.1554
11.1041 11.1041 11.1041 11.1041 11.1041 12.8483 12.8483 12.8483 11.7582 2.1654
11.0005 11.0005 11.0005 11.0005 11.0005 12.8033 12.8033 12.8033 11.6765 2.1754
11.2210 11.2210 11.2210 11.2210 11.2210 12.7584 12.7584 12.7584 11.7975 2.1855
11.5084 11.5084 11.5084 11.5084 11.5084 12.7136 12.7136 12.7136 11.9604 2.1955
11.7930 11.7930 11.7930 11.7930 11.7930 12.6690 12.6690 12.6690 12.1215 2.2055
12.0670 12.0670 12.0670 12.0670 12.0670 12.6245 12.6245 12.6245 12.2761 2.2155
12.3256 12.3256 12.3256 12.3256 12.3256 12.5801 12.5801 12.5801 12.4210 2.2256
12.5697 12.5697 12.5697 12.5697 12.5697 12.5358 12.5358 12.5358 12.5570 2.2356
12.7951 12.7951 12.7951 12.7951 12.7951 12.4917 12.4917 12.4917 12.6814 2.2456
12.9989 12.9989 12.9989 12.9989 12.9989 12.4478 12.4478 12.4478 12.7922 2.2556
13.1810 13.1810 13.1810 13.1810 13.1810 12.4040 12.4040 12.4040 12.8896 2.2657
13.3367 13.3367 13.3367 13.3367 13.3367 12.3603 12.3603 12.3603 12.9706 2.2757
13.4629 13.4629 13.4629 13.4629 13.4629 12.3182 12.3182 12.3182 13.0336 2.2857
13.5566 13.5566 13.5566 13.5566 13.5566 12.2764 12.2764 12.2764 13.0765 2.2957
13.6150 13.6150 13.6150 13.6150 13.6150 12.2347 12.2347 12.2347 13.0974 2.3058
13.6361 13.6361 13.6361 13.6361 13.6361 12.1932 12.1932 12.1932 13.0950 2.3158
13.6191 13.6191 13.6191 13.6191 13.6191 12.1518 12.1518 12.1518 13.0688 2.3258
13.5647 13.5647 13.5647 13.5647 13.5647 12.1105 12.1105 12.1105 13.0194 2.3358
13.4756 13.4756 13.4756 13.4756 13.4756 12.0694 12.0694 12.0694 12.9483 2.3459
13.4580 13.4580 13.4580 13.4580 13.4580 12.0284 12.0284 12.0284 12.9219 2.3559
13.4915 13.4915 13.4915 13.4915 13.4915 11.9876 11.9876 11.9876 12.9276 2.3659
13.5068 13.5068 13.5068 13.5068 13.5068 11.9469 11.9469 11.9469 12.9219 2.3759
13.5490 13.5490 13.5490 13.5490 13.5490 11.9064 11.9064 11.9064 12.9330 2.3860
13.6395 13.6395 13.6395 13.6395 13.6395 11.8660 11.8660 11.8660 12.9745 2.3960
13.6903 13.6903 13.6903 13.6903 13.6903 11.8258 11.8258 11.8258 12.9911 2.4060
13.7028 13.7028 13.7028 13.7028 13.7028 11.7857 11.7857 11.7857 12.9839 2.4160
14.0348 14.0348 14.0348 14.0348 14.0348 11.7458 11.7458 11.7458 13.1764 2.4261
14.4021 14.4021 14.4021 14.4021 14.4021 11.7060 11.7060 11.7060 13.3911 2.4361
14.7114 14.7114 14.7114 14.7114 14.7114 11.6664 11.6664 11.6664 13.5696 2.4461
14.9614 14.9614 14.9614 14.9614 14.9614 11.6270 11.6270 11.6270 13.7110 2.4561
15.1499 15.1499 15.1499 15.1499 15.1499 11.5878 11.5878 11.5878 13.8141 2.4662
15.2789 15.2789 15.2789 15.2789 15.2789 11.5487 11.5487 11.5487 13.8801 2.4762
15.3493 15.3493 15.3493 15.3493 15.3493 11.5097 11.5097 11.5097 13.9095 2.4862
15.3596 15.3596 15.3596 15.3596 15.3596 11.4710 11.4710 11.4710 13.9014 2.4962
15.3116 15.3116 15.3116 15.3116 15.3116 11.4324 11.4324 11.4324 13.8569 2.5063
15.2089 15.2089 15.2089 15.2089 15.2089 11.3940 11.3940 11.3940 13.7783 2.5163
15.0573 15.0573 15.0573 15.0573 15.0573 11.3557 11.3557 11.3557 13.6692 2.5263
14.8653 14.8653 14.8653 14.8653 14.8653 11.3177 11.3177 11.3177 13.5349 2.5363
14.6477 14.6477 14.6477 14.6477 14.6477 11.2798 11.2798 11.2798 13.3847 2.5464
14.7706 14.7706 14.7706 14.7706 14.7706 11.2420 11.2420 11.2420 13.4474 2.5564
15.0948 15.0948 15.0948 15.0948 15.0948 11.2045 11.2045 11.2045 13.6360 2.5664
15.3863 15.3863 15.3863 15.3863 15.3863 11.1671 11.1671 11.1671 13.8041 2.5764
15.6413 15.6413 15.6413 15.6413 15.6413 11.1299 11.1299 11.1299 13.9495 2.5865
15.8610 15.8610 15.8610 15.8610 15.8610 11.0931 11.0931 11.0931 14.0730 2.5965
16.0475 16.0475 16.0475 16.0475 16.0475 11.0572 11.0572 11.0572 14.1761 2.6065
16.2039 16.2039 16.2039 16.2039 16.2039 11.0215 11.0215 11.0215 14.2605 2.6165
16.3318 16.3318 16.3318 16.3318 16.3318 10.9859 10.9859 10.9859 14.3271 2.6266
16.4224 16.4224 16.4224 16.4224 16.4224 10.9505 10.9505 10.9505 14.3704 2.6366
16.4694 16.4694 16.4694 16.4694 16.4694 10.9152 10.9152 10.9152 14.3866 2.6466
16.4667 16.4667 16.4667 16.4667 16.4667 10.8801 10.8801 10.8801 14.3717 2.6566
16.4101 16.4101 16.4101 16.4101 16.4101 10.8451 10.8451 10.8451 14.3233 2.6667
16.3025 16.3025 16.3025 16.3025 16.3025 10.8104 10.8104 10.8104 14.2430 2.6767
16.1416 16.1416 16.1416 16.1416 16.1416 10.7757 10.7757 10.7757 14.1294 2.6867
15.9312 15.9312 15.9312 15.9312 15.9312 10.7413 10.7413 10.7413 13.9850 2.6967
15.6732 15.6732 15.6732 15.6732 15.6732 10.7069 10.7069 10.7069 13.8109 2.7068
15.3703 15.3703 15.3703 15.3703 15.3703 10.6728 10.6728 10.6728 13.6087 2.7168
15.0272 15.0272 15.0272 15.0272 15.0272 10.6388 10.6388 10.6388 13.3816 2.7268
14.6460 14.6460 14.6460 14.6460 14.6460 10.6050 10.6050 10.6050 13.1306 2.7368
14.2331 14.2331 14.2331 14.2331 14.2331 10.5713 10.5713 10.5713 12.8600 2.7469
14.1133 14.1133 14.1133 14.1133 14.1133 10.5378 10.5378 10.5378 12.7725 2.7569
13.9808 13.9808 13.9808 13.9808 13.9808 10.5044 10.5044 10.5044 12.6772 2.7669
13.8288 13.8288 13.8288 13.8288 13.8288 10.4712 10.4712 10.4712 12.5697 2.7769
13.6597 13.6597 13.6597 13.6597 13.6597 10.4382 10.4382 10.4382 12.4516 2.7870
13.4738 13.4738 13.4738 13.4738 13.4738 10.4053 10.4053 10.4053 12.3231 2.7970
13.2761 13.2761 13.2761 13.2761 13.2761 10.3726 10.3726 10.3726 12.1873 2.8070
13.0656 13.0656 13.0656 13.0656 13.0656 10.3401 10.3401 10.3401 12.0435 2.8170
12.8472 12.8472 12.8472 12.8472 12.8472 10.3077 10.3077 10.3077 11.8949 2.8271
12.6209 12.6209 12.6209 12.6209 12.6209 10.2754 10.2754 10.2754 11.7413 2.8371
12.3886 12.3886 12.3886 12.3886 12.3886 10.2433 10.2433 10.2433 11.5841 2.8471
12.1524 12.1524 12.1524 12.1524 12.1524 10.2114 10.2114 10.2114 11.4245 2.8571
11.9324 11.9324 11.9324 11.9324 11.9324 10.1796 10.1796 10.1796 11.2751 2.8672
11.7238 11.7238 11.7238 11.7238 11.7238 10.1480 10.1480 10.1480 11.1329 2.8772
11.5132 11.5132 11.5132 11.5132 11.5132 10.1166 10.1166 10.1166 10.9895 2.8872
11.2983 11.2983 11.2983 11.2983 11.2983 10.0853 10.0853 10.0853 10.8434 2.8972
11.0790 11.0790 11.0790 11.0790 11.0790 10.0541 10.0541 10.0541 10.6946 2.9073
10.9292 10.9292 10.9292 10.9292 10.9292 10.0231 10.0231 10.0231 10.5894 2.9173
10.8336 10.8336 10.8336 10.8336 10.8336 9.9923 9.9923 9.9923 10.5181 2.9273
10.7346 10.7346 10.7346 10.7346 10.7346 9.9616 9.9616 9.9616 10.4447 2.9373
10.7423 10.7423 10.7423 10.7423 10.7423 9.9311 9.9311 9.9311 10.4381 2.9474
10.7963 10.7963 10.7963 10.7963 10.7963 9.9007 9.9007 9.9007 10.4605 2.9574
10.8543 10.8543 10.8543 10.8543 10.8543 9.8704 9.8704 9.8704 10.4854 2.9674
10.9136 10.9136 10.9136 10.9136 10.9136 9.8404 9.8404 9.8404 10.5111 2.9774
10.9700 10.9700 10.9700 10.9700 10.9700 9.8104 9.8104 9.8104 10.5352 2.9875
11.0205 11.0205 11.0205 11.0205 11.0205 9.7807 9.7807 9.7807 10.5556 2.9975
11.0659 11.0659 11.0659 11.0659 11.0659 9.7510 9.7510 9.7510 10.5728 3.0075
11.1032 11.1032 11.1032 11.1032 11.1032 9.7216 9.7216 9.7216 10.5851 3.0175
11.1336 11.1336 11.1336 11.1336 11.1336 9.6927 9.6927 9.6927 10.5933 3.0276
11.1567 11.1567 11.1567 11.1567 11.1567 9.6641 9.6641 9.6641 10.5970 3.0376
11.1736 11.1736 11.1736 11.1736 11.1736 9.6356 9.6356 9.6356 10.5968 3.0476
11.1851 11.1851 11.1851 11.1851 11.1851 9.6072 9.6072 9.6072 10.5934 3.0576
11.1923 11.1923 11.1923 11.1923 11.1923 9.5790 9.5790 9.5790 10.5873 3.0677
11.1963 11.1963 11.1963 11.1963 11.1963 9.5509 9.5509 9.5509 10.5793 3.0777
11.1982 11.1982 11.1982 11.1982 11.1982 9.5230 9.5230 9.5230 10.5700 3.0877
11.1986 11.1986 11.1986 11.1986 11.1986 9.4952 9.4952 9.4952 10.5598 3.0977
11.1985 11.1985 11.1985 11.1985 11.1985 9.4675 9.4675 9.4675 10.5494 3.1078
11.1978 11.1978 11.1978 11.1978 11.1978 9.4399 9.4399 9.4399 10.5386 3.1178
11.1971 11.1971 11.1971 11.1971 11.1971 9.4125 9.4125 9.4125 10.5279 3.1278
11.1951 11.1951 11.1951 11.1951 11.1951 9.3853 9.3853 9.3853 10.5164 3.1378
11.1926 11.1926 11.1926 11.1926 11.1926 9.3581 9.3581 9.3581 10.5047 3.1479
11.1866 11.1866 11.1866 11.1866 11.1866 9.3311 9.3311 9.3311 10.4908 3.1579
11.1781 11.1781 11.1781 11.1781 11.1781 9.3042 9.3042 9.3042 10.4754 3.1679
11.1638 11.1638 11.1638 11.1638 11.1638 9.2775 9.2775 9.2775 10.4564 3.1779
11.1419 11.1419 11.1419 11.1419 11.1419 9.2508 9.2508 9.2508 10.4328 3.1880
11.1120 11.1120 11.1120 11.1120 11.1120 9.2244 9.2244 9.2244 10.4041 3.1980
11.0712 11.0712 11.0712 11.0712 11.0712 9.1980 9.1980 9.1980 10.3687 3.2080
11.0173 11.0173 11.0173 11.0173 11.0173 9.1718 9.1718 9.1718 10.3252 3.2180
10.9486 10.9486 10.9486 10.9486 10.9486 9.1457 9.1457 9.1457 10.2725 3.2281
10.8636 10.8636 10.8636 10.8636 10.8636 9.1197 9.1197 9.1197 10.2097 3.2381
10.7609 10.7609 10.7609 10.7609 10.7609 9.0938 9.0938 9.0938 10.1357 3.2481
10.6391 10.6391 10.6391 10.6391 10.6391 9.0681 9.0681 9.0681 10.0500 3.2581
10.4973 10.4973 10.4973 10.4973 10.4973 9.0425 9.0425 9.0425 9.9518 3.2682
10.3348 10.3348 10.3348 10.3348 10.3348 9.0171 9.0171 9.0171 9.8407 3.2782
10.1518 10.1518 10.1518 10.1518 10.1518 8.9917 8.9917 8.9917 9.7167 3.2882
9.9483 9.9483 9.9483 9.9483 9.9483 8.9665 8.9665 8.9665 9.5801 3.2982
9.8983 9.8983 9.8983 9.8983 9.8983 8.9414 8.9414 8.9414 9.5395 3.3083
10.0397 10.0397 10.0397 10.0397 10.0397 8.9164 8.9164 8.9164 9.6185 3.3183
10.1703 10.1703 10.1703 10.1703 10.1703 8.8916 8.8916 8.8916 9.6908 3.3283
10.2900 10.2900 10.2900 10.2900 10.2900 8.8668 8.8668 8.8668 9.7563 3.3383
10.3974 10.3974 10.3974 10.3974 10.3974 8.8422 8.8422 8.8422 9.8142 3.3484
10.4921 10.4921 10.4921 10.4921 10.4921 8.8177 8.8177 8.8177 9.8642 3.3584
10.5741 10.5741 10.5741 10.5741 10.5741 8.7934 8.7934 8.7934 9.9063 3.3684
10.6433 10.6433 10.6433 10.6433 10.6433 8.7691 8.7691 8.7691 9.9405 3.3784
10.7000 10.7000 10.7000 10.7000 10.7000 8.7450 8.7450 8.7450 9.9668 3.3885
10.7446 10.7446 10.7446 10.7446 10.7446 8.7210 8.7210 8.7210 9.9857 3.3985
10.7784 10.7784 10.7784 10.7784 10.7784 8.6971 8.6971 8.6971 9.9979 3.4085
10.8016 10.8016 10.8016 10.8016 10.8016 8.6733 8.6733 8.6733 10.0035 3.4185
10.8149 10.8149 10.8149 10.8149 10.8149 8.6496 8.6496 8.6496 10.0029 3.4286
10.8200 10.8200 10.8200 10.8200 10.8200 8.6261 8.6261 8.6261 9.9972 3.4386
10.8171 10.8171 10.8171 10.8171 10.8171 8.6026 8.6026 8.6026 9.9867 3.4486
10.8068 10.8068 10.8068 10.8068 10.8068 8.5793 8.5793 8.5793 9.9715 3.4586
10.7904 10.7904 10.7904 10.7904 10.7904 8.5561 8.5561 8.5561 9.9525 3.4687
10.7675 10.7675 10.7675 10.7675 10.7675 8.5330 8.5330 8.5330 9.9295 3.4787
10.7387 10.7387 10.7387 10.7387 10.7387 8.5100 8.5100 8.5100 9.9030 3.4887
10.7048 10.7048 10.7048 10.7048 10.7048 8.4871 8.4871 8.4871 9.8732 3.4987
10.6664 10.6664 10.6664 10.6664 10.6664 8.4644 8.4644 8.4644 9.8406 3.5088
10.6241 10.6241 10.6241 10.6241 10.6241 8.4417 8.4417 8.4417 9.8057 3.5188
10.5785 10.5785 10.5785 10.5785 10.5785 8.4192 8.4192 8.4192 9.7687 3.5288
10.5301 10.5301 10.5301 10.5301 10.5301 8.3967 8.3967 8.3967 9.7301 3.5388
10.4796 10.4796 10.4796 10.4796 10.4796 8.3744 8.3744 8.3744 9.6902 3.5489
10.4285 10.4285 10.4285 10.4285 10.4285 8.3522 8.3522 8.3522 9.6499 3.5589
10.3768 10.3768 10.3768 10.3768 10.3768 8.3301 8.3301 8.3301 9.6092 3.5689
10.3246 10.3246 10.3246 10.3246 10.3246 8.3081 8.3081 8.3081 9.5684 3.5789
10.2733 10.2733 10.2733 10.2733 10.2733 8.2862 8.2862 8.2862 9.5281 3.5890
10.2235 10.2235 10.2235 10.2235 10.2235 8.2644 8.2644 8.2644 9.4888 3.5990
10.1750 10.1750 10.1750 10.1750 10.1750 8.2427 8.2427 8.2427 9.4504 3.6090
10.1289 10.1289 10.1289 10.1289 10.1289 8.2211 8.2211 8.2211 9.4135 3.6190
10.0858 10.0858 10.0858 10.0858 10.0858 8.1996 8.1996 8.1996 9.3784 3.6291
10.0452 10.0452 10.0452 10.0452 10.0452 8.1782 8.1782 8.1782 9.3451 3.6391
10.0081 10.0081 10.0081 10.0081 10.0081 8.1569 8.1569 8.1569 9.3139 3.6491
9.9750 9.9750 9.9750 9.9750 9.9750 8.1358 8.1358 8.1358 9.2853 3.6591
9.9454 9.9454 9.9454 9.9454 9.9454 8.1150 8.1150 8.1150 9.2590 3.6692
9.9198 9.9198 9.9198 9.9198 9.9198 8.0943 8.0943 8.0943 9.2353 3.6792
9.8988 9.8988 9.8988 9.8988 9.8988 8.0737 8.0737 8.0737 9.2144 3.6892
9.8815 9.8815 9.8815 9.8815 9.8815 8.0532 8.0532 8.0532 9.1959 3.6992
9.8682 9.8682 9.8682 9.8682 9.8682 8.0327 8.0327 8.0327 9.1799 3.7093
9.8595 9.8595 9.8595 9.8595 9.8595 8.0124 8.0124 8.0124 9.1669 3.7193
9.8545 9.8545 9.8545 9.8545 9.8545 7.9922 7.9922 7.9922 9.1561 3.7293
9.8529 9.8529 9.8529 9.8529 9.8529 7.9720 7.9720 7.9720 9.1476 3.7393
9.8548 9.8548 9.8548 9.8548 9.8548 7.9519 7.9519 7.9519 9.1412 3.7494
9.8602 9.8602 9.8602 9.8602 9.8602 7.9320 7.9320 7.9320 9.1371 3.7594
9.8681 9.8681 9.8681 9.8681 9.8681 7.9121 7.9121 7.9121 9.1346 3.7694
9.8781 9.8781 9.8781 9.8781 9.8781 7.8923 7.8923 7.8923 9.1335 3.7794
9.8899 9.8899 9.8899 9.8899 9.8899 7.8726 7.8726 7.8726 9.1334 3.7895
9.9033 9.9033 9.9033 9.9033 9.9033 7.8530 7.8530 7.8530 9.1344 3.7995
9.9303 9.9303 9.9303 9.9303 9.9303 7.8335 7.8335 7.8335 9.1440 3.8095
10.0231 10.0231 10.0231 10.0231 10.0231 7.8141 7.8141 7.8141 9.1947 3.8195
10.1188 10.1188 10.1188 10.1188 10.1188 7.7948 7.7948 7.7948 9.2473 3.8296
10.2176 10.2176 10.2176 10.2176 10.2176 7.7755 7.7755 7.7755 9.3018 3.8396
10.3190 10.3190 10.3190 10.3190 10.3190 7.7564 7.7564 7.7564 9.3580 3.8496
10.4221 10.4221 10.4221 10.4221 10.4221 7.7373 7.7373 7.7373 9.4153 3.8596
10.5262 10.5262 10.5262 10.5262 10.5262 7.7183 7.7183 7.7183 9.4733 3.8697
10.6312 10.6312 10.6312 10.6312 10.6312 7.6994 7.6994 7.6994 9.5318 3.8797
10.7365 10.7365 10.7365 10.7365 10.7365 7.6806 7.6806 7.6806 9.5906 3.8897
10.8412 10.8412 10.8412 10.8412 10.8412 7.6619 7.6619 7.6619 9.6490 3.8997
10.9447 10.9447 10.9447 10.9447 10.9447 7.6433 7.6433 7.6433 9.7067 3.9098
11.0463 11.0463 11.0463 11.0463 11.0463 7.6247 7.6247 7.6247 9.7632 3.9198
11.1455 11.1455 11.1455 11.1455 11.1455 7.6130 7.6130 7.6130 9.8208 3.9298
11.2416 11.2416 11.2416 11.2416 11.2416 7.6038 7.6038 7.6038 9.8775 3.9398
11.3345 11.3345 11.3345 11.3345 11.3345 7.5946 7.5946 7.5946 9.9320 3.9499
11.4229 11.4229 11.4229 11.4229 11.4229 7.5854 7.5854 7.5854 9.9839 3.9599
11.5065 11.5065 11.5065 11.5065 11.5065 7.5761 7.5761 7.5761 10.0326 3.9699
11.5845 11.5845 11.5845 11.5845 11.5845 7.5668 7.5668 7.5668 10.0778 3.9799
11.6566 11.6566 11.6566 11.6566 11.6566 7.5575 7.5575 7.5575 10.1194 3.9900
11.7231 11.7231 11.7231 11.7231 11.7231 7.5484 7.5484 7.5484 10.1576 4.0000
