------------------------------------------------------------------------------------------------------------------------------------
                                           "UNIVERSIDAD TÉCNICA PARTICULAR DE LOJA"
                                                TITULACIÓN DE INGENIRÍA CIVIL
                                        LABORATORIO VIRTUAL DE INGENIERÍA SÍSMICA (VLEE)

LABORATORIO: Dinámica de estructuras
EXPERMIENTO: Espectro de diseño
CARACTERÍSTICA DEL EXPERIMENTO:
Obtiene el espectro de diseño basado en el criterio del promedio de "n" espectros de respuesta
HORA-FECHA:
04-Aug-2016 16:15:37
-------------------------------------------------------------------------------------------------------------------------------------
DATOS DE SALIDA:
ESPECTRO DE PseudoAceleración
NaN NaN NaN NaN NaN 0.0000
0.1045 0.1094 0.1231 0.1242 0.1153 0.0100
0.1344 0.1155 0.1230 0.1289 0.1254 0.0201
0.2043 0.1297 0.1338 0.1467 0.1536 0.0301
0.2536 0.1947 0.1389 0.1890 0.1940 0.0401
0.3964 0.2896 0.1390 0.2339 0.2647 0.0501
0.3417 0.3956 0.1551 0.1986 0.2728 0.0602
0.2577 0.5740 0.2456 0.3079 0.3463 0.0702
0.5203 0.4216 0.2498 0.3272 0.3797 0.0802
0.4242 0.6164 0.3018 0.4508 0.4483 0.0902
0.4082 0.5146 0.3976 0.5496 0.4675 0.1003
0.3964 0.5982 0.5025 0.4558 0.4882 0.1103
0.4907 0.6851 0.6020 0.4917 0.5674 0.1203
0.3162 0.7007 0.5700 0.4821 0.5172 0.1303
0.3796 0.3352 0.4374 0.4860 0.4096 0.1404
0.4148 0.4772 0.3832 0.3991 0.4186 0.1504
0.3549 0.3173 0.4991 0.4598 0.4078 0.1604
0.4322 0.2434 0.3986 0.4738 0.3870 0.1704
0.4533 0.2443 0.3709 0.4320 0.3751 0.1805
0.3413 0.3424 0.3467 0.3902 0.3551 0.1905
0.2999 0.4323 0.4706 0.5569 0.4399 0.2005
0.3511 0.3493 0.5320 0.4896 0.4305 0.2105
0.3537 0.3966 0.7053 0.5925 0.5120 0.2206
0.5009 0.4572 0.6426 0.5503 0.5377 0.2306
0.5559 0.3972 0.6332 0.4964 0.5207 0.2406
0.4954 0.3409 0.5007 0.5600 0.4742 0.2506
0.4911 0.3447 0.6574 0.5043 0.4994 0.2607
0.4392 0.4197 0.6315 0.3888 0.4698 0.2707
0.3177 0.2615 0.6093 0.3078 0.3741 0.2807
0.4025 0.2506 0.5603 0.2690 0.3706 0.2907
0.3856 0.2081 0.5589 0.2512 0.3510 0.3008
0.3396 0.3348 0.5218 0.2983 0.3736 0.3108
0.3117 0.2855 0.5379 0.3536 0.3722 0.3208
0.2210 0.2917 0.4596 0.3429 0.3288 0.3308
0.2661 0.2418 0.3871 0.3168 0.3030 0.3409
0.2790 0.1882 0.4168 0.3061 0.2975 0.3509
0.2763 0.1862 0.4443 0.2656 0.2931 0.3609
0.2576 0.2319 0.4125 0.2114 0.2784 0.3709
0.2554 0.2477 0.3646 0.2078 0.2689 0.3810
0.2380 0.1698 0.2893 0.1857 0.2207 0.3910
0.1931 0.1376 0.2508 0.1929 0.1936 0.4010
0.1671 0.1118 0.2742 0.2109 0.1910 0.4110
0.1779 0.1051 0.3134 0.1985 0.1987 0.4211
0.1820 0.1152 0.2986 0.1986 0.1986 0.4311
0.1808 0.1363 0.2642 0.1938 0.1938 0.4411
0.1741 0.1481 0.2539 0.1717 0.1869 0.4511
0.1775 0.1469 0.3005 0.1717 0.1991 0.4612
0.1986 0.1370 0.3515 0.1655 0.2131 0.4712
0.2075 0.1423 0.3340 0.1734 0.2143 0.4812
0.2022 0.1446 0.2895 0.1875 0.2059 0.4912
0.1871 0.1368 0.2216 0.2272 0.1932 0.5013
0.1755 0.1628 0.2380 0.2726 0.2122 0.5113
0.2132 0.1886 0.2681 0.3185 0.2471 0.5213
0.2424 0.2141 0.3124 0.3689 0.2845 0.5313
0.2612 0.2267 0.3211 0.4151 0.3060 0.5414
0.2112 0.2289 0.3298 0.4651 0.3087 0.5514
0.1764 0.2173 0.3088 0.4882 0.2977 0.5614
0.1532 0.2019 0.2811 0.4796 0.2789 0.5714
0.1357 0.1882 0.2434 0.4490 0.2541 0.5815
0.1268 0.1733 0.2546 0.4178 0.2431 0.5915
0.1253 0.1538 0.2028 0.3916 0.2184 0.6015
0.1359 0.1324 0.2147 0.3658 0.2122 0.6115
0.1342 0.1134 0.2471 0.3364 0.2078 0.6216
0.1403 0.0973 0.2828 0.3029 0.2058 0.6316
0.1429 0.0813 0.3160 0.2676 0.2020 0.6416
0.1352 0.0837 0.3452 0.2321 0.1991 0.6516
0.1224 0.0943 0.3725 0.1965 0.1964 0.6617
0.1223 0.1031 0.4002 0.1642 0.1974 0.6717
0.1242 0.1071 0.4200 0.1447 0.1990 0.6817
0.1233 0.1054 0.4312 0.1235 0.1959 0.6917
0.1184 0.1046 0.4337 0.1030 0.1899 0.7018
0.1091 0.1071 0.4279 0.1118 0.1890 0.7118
0.0961 0.1110 0.4223 0.1245 0.1885 0.7218
0.0810 0.1126 0.4164 0.1345 0.1861 0.7318
0.0796 0.1098 0.4246 0.1363 0.1876 0.7419
0.0787 0.1040 0.4314 0.1290 0.1858 0.7519
0.0803 0.0999 0.4315 0.1175 0.1823 0.7619
0.0887 0.0974 0.4266 0.1042 0.1792 0.7719
0.0954 0.0943 0.4178 0.0935 0.1752 0.7820
0.0951 0.0924 0.4058 0.0951 0.1721 0.7920
0.0996 0.0888 0.3918 0.0938 0.1685 0.8020
0.0988 0.0838 0.3769 0.0939 0.1633 0.8120
0.1067 0.0780 0.3653 0.0936 0.1609 0.8221
0.1208 0.0719 0.3529 0.0941 0.1599 0.8321
0.1268 0.0664 0.3382 0.1037 0.1588 0.8421
0.1239 0.0622 0.3242 0.1083 0.1547 0.8521
0.1135 0.0599 0.3118 0.1065 0.1479 0.8622
0.1268 0.0594 0.2981 0.1071 0.1479 0.8722
0.1313 0.0604 0.2826 0.1045 0.1447 0.8822
0.1324 0.0635 0.2669 0.0956 0.1396 0.8922
0.1315 0.0676 0.2535 0.0942 0.1367 0.9023
0.1266 0.0690 0.2389 0.0969 0.1329 0.9123
0.1194 0.0697 0.2278 0.1052 0.1305 0.9223
0.1170 0.0696 0.2099 0.1139 0.1276 0.9323
0.1275 0.0669 0.2044 0.1227 0.1304 0.9424
0.1468 0.0651 0.1996 0.1311 0.1356 0.9524
0.1644 0.0637 0.1943 0.1386 0.1403 0.9624
0.1720 0.0623 0.1886 0.1449 0.1419 0.9724
0.1675 0.0621 0.1823 0.1496 0.1403 0.9825
0.1524 0.0628 0.1754 0.1525 0.1358 0.9925
0.1307 0.0663 0.1690 0.1537 0.1299 1.0025
0.1135 0.0681 0.1648 0.1531 0.1249 1.0125
0.1066 0.0668 0.1599 0.1594 0.1232 1.0226
0.1005 0.0704 0.1543 0.1678 0.1233 1.0326
0.0969 0.0720 0.1481 0.1730 0.1225 1.0426
0.0965 0.0777 0.1414 0.1770 0.1232 1.0526
0.1031 0.0822 0.1343 0.1786 0.1245 1.0627
0.1081 0.0838 0.1269 0.1771 0.1240 1.0727
0.1096 0.0833 0.1196 0.1731 0.1214 1.0827
0.1124 0.0807 0.1123 0.1671 0.1181 1.0927
0.1178 0.0820 0.1053 0.1600 0.1163 1.1028
0.1197 0.0827 0.0987 0.1510 0.1130 1.1128
0.1297 0.0817 0.0927 0.1403 0.1111 1.1228
0.1404 0.0790 0.0872 0.1285 0.1088 1.1328
0.1453 0.0753 0.0824 0.1166 0.1049 1.1429
0.1443 0.0701 0.0813 0.1053 0.1003 1.1529
0.1387 0.0637 0.0760 0.0951 0.0934 1.1629
0.1522 0.0565 0.0720 0.0875 0.0921 1.1729
0.1544 0.0507 0.0741 0.0854 0.0912 1.1830
0.1465 0.0493 0.0796 0.0831 0.0896 1.1930
0.1308 0.0478 0.0794 0.0806 0.0846 1.2030
0.1150 0.0462 0.0800 0.0779 0.0798 1.2130
0.1132 0.0445 0.0765 0.0752 0.0774 1.2231
0.1086 0.0428 0.0745 0.0723 0.0745 1.2331
0.1006 0.0410 0.0721 0.0737 0.0718 1.2431
0.0974 0.0390 0.0680 0.0756 0.0700 1.2531
0.0985 0.0371 0.0636 0.0774 0.0691 1.2632
0.0962 0.0353 0.0616 0.0788 0.0680 1.2732
0.0944 0.0344 0.0609 0.0798 0.0674 1.2832
0.0949 0.0333 0.0623 0.0803 0.0677 1.2932
0.0958 0.0363 0.0702 0.0806 0.0707 1.3033
0.0972 0.0382 0.0791 0.0803 0.0737 1.3133
0.1000 0.0380 0.0852 0.0794 0.0756 1.3233
0.1030 0.0360 0.0870 0.0805 0.0766 1.3333
0.1078 0.0355 0.0857 0.0808 0.0775 1.3434
0.1137 0.0346 0.0833 0.0770 0.0771 1.3534
0.1177 0.0334 0.0818 0.0711 0.0760 1.3634
0.1175 0.0321 0.0821 0.0678 0.0749 1.3734
0.1125 0.0311 0.0835 0.0640 0.0728 1.3835
0.1040 0.0300 0.0860 0.0599 0.0700 1.3935
0.0953 0.0317 0.0885 0.0555 0.0678 1.4035
0.0945 0.0326 0.0906 0.0509 0.0672 1.4135
0.0937 0.0328 0.0968 0.0486 0.0680 1.4236
0.0932 0.0322 0.1003 0.0496 0.0688 1.4336
0.0931 0.0315 0.0989 0.0504 0.0685 1.4436
0.0921 0.0314 0.0943 0.0511 0.0672 1.4536
0.0896 0.0325 0.0892 0.0516 0.0657 1.4637
0.0847 0.0346 0.0849 0.0520 0.0640 1.4737
0.0770 0.0373 0.0808 0.0523 0.0618 1.4837
0.0782 0.0399 0.0771 0.0525 0.0619 1.4937
0.0817 0.0419 0.0733 0.0527 0.0624 1.5038
0.0833 0.0428 0.0690 0.0531 0.0620 1.5138
0.0885 0.0426 0.0640 0.0535 0.0622 1.5238
0.0914 0.0416 0.0618 0.0538 0.0622 1.5338
0.0919 0.0397 0.0631 0.0541 0.0622 1.5439
0.0894 0.0371 0.0645 0.0545 0.0614 1.5539
0.0937 0.0364 0.0657 0.0555 0.0628 1.5639
0.1010 0.0371 0.0668 0.0562 0.0653 1.5739
0.1040 0.0378 0.0674 0.0569 0.0665 1.5840
0.1032 0.0385 0.0678 0.0575 0.0667 1.5940
0.0998 0.0393 0.0718 0.0579 0.0672 1.6040
0.0952 0.0400 0.0766 0.0582 0.0675 1.6140
0.0912 0.0408 0.0801 0.0594 0.0679 1.6241
0.0912 0.0415 0.0826 0.0625 0.0694 1.6341
0.0919 0.0422 0.0838 0.0654 0.0708 1.6441
0.0937 0.0440 0.0843 0.0686 0.0727 1.6541
0.0953 0.0482 0.0837 0.0718 0.0747 1.6642
0.0957 0.0520 0.0811 0.0744 0.0758 1.6742
0.0963 0.0551 0.0784 0.0765 0.0766 1.6842
0.0946 0.0572 0.0793 0.0778 0.0772 1.6942
0.0905 0.0582 0.0816 0.0794 0.0774 1.7043
0.0846 0.0581 0.0825 0.0840 0.0773 1.7143
0.0797 0.0573 0.0820 0.0880 0.0767 1.7243
0.0749 0.0557 0.0802 0.0907 0.0754 1.7343
0.0695 0.0541 0.0770 0.0922 0.0732 1.7444
0.0641 0.0521 0.0726 0.0927 0.0704 1.7544
0.0595 0.0501 0.0701 0.0931 0.0682 1.7644
0.0579 0.0506 0.0692 0.0938 0.0679 1.7744
0.0590 0.0509 0.0682 0.0939 0.0680 1.7845
0.0602 0.0509 0.0667 0.0930 0.0677 1.7945
0.0615 0.0506 0.0650 0.0911 0.0670 1.8045
0.0631 0.0500 0.0629 0.0886 0.0661 1.8145
0.0653 0.0491 0.0605 0.0870 0.0655 1.8246
0.0676 0.0480 0.0580 0.0878 0.0654 1.8346
0.0730 0.0465 0.0556 0.0878 0.0657 1.8446
0.0781 0.0450 0.0530 0.0866 0.0657 1.8546
0.0836 0.0434 0.0515 0.0843 0.0657 1.8647
0.0886 0.0415 0.0520 0.0812 0.0658 1.8747
0.0927 0.0398 0.0527 0.0773 0.0656 1.8847
0.0954 0.0378 0.0539 0.0735 0.0651 1.8947
0.0968 0.0360 0.0549 0.0696 0.0643 1.9048
0.0997 0.0345 0.0557 0.0654 0.0638 1.9148
0.1013 0.0327 0.0564 0.0610 0.0629 1.9248
0.1016 0.0338 0.0568 0.0585 0.0627 1.9348
0.1005 0.0348 0.0571 0.0572 0.0624 1.9449
0.0981 0.0353 0.0573 0.0558 0.0616 1.9549
0.0948 0.0355 0.0575 0.0544 0.0605 1.9649
0.0925 0.0357 0.0575 0.0530 0.0597 1.9749
0.0888 0.0356 0.0574 0.0515 0.0583 1.9850
0.0843 0.0351 0.0570 0.0500 0.0566 1.9950
0.0833 0.0348 0.0564 0.0484 0.0558 2.0050
0.0821 0.0350 0.0559 0.0468 0.0550 2.0150
0.0807 0.0352 0.0552 0.0452 0.0541 2.0251
0.0799 0.0356 0.0543 0.0436 0.0533 2.0351
0.0788 0.0360 0.0530 0.0420 0.0525 2.0451
0.0775 0.0364 0.0515 0.0404 0.0514 2.0551
0.0760 0.0367 0.0497 0.0388 0.0503 2.0652
0.0742 0.0369 0.0476 0.0373 0.0490 2.0752
0.0723 0.0370 0.0453 0.0358 0.0476 2.0852
0.0702 0.0388 0.0427 0.0343 0.0465 2.0952
0.0682 0.0407 0.0418 0.0329 0.0459 2.1053
0.0663 0.0426 0.0414 0.0339 0.0461 2.1153
0.0644 0.0443 0.0409 0.0348 0.0461 2.1253
0.0624 0.0458 0.0403 0.0355 0.0460 2.1353
0.0603 0.0469 0.0402 0.0359 0.0458 2.1454
0.0581 0.0476 0.0404 0.0362 0.0456 2.1554
0.0557 0.0480 0.0401 0.0369 0.0452 2.1654
0.0590 0.0484 0.0401 0.0379 0.0464 2.1754
0.0631 0.0485 0.0417 0.0387 0.0480 2.1855
0.0665 0.0481 0.0433 0.0391 0.0493 2.1955
0.0693 0.0474 0.0451 0.0393 0.0503 2.2055
0.0714 0.0462 0.0464 0.0391 0.0508 2.2155
0.0729 0.0445 0.0470 0.0386 0.0507 2.2256
0.0737 0.0423 0.0467 0.0378 0.0502 2.2356
0.0740 0.0398 0.0458 0.0371 0.0492 2.2456
0.0740 0.0372 0.0453 0.0369 0.0483 2.2556
0.0736 0.0358 0.0447 0.0366 0.0477 2.2657
0.0729 0.0363 0.0448 0.0362 0.0476 2.2757
0.0720 0.0369 0.0446 0.0358 0.0473 2.2857
0.0717 0.0373 0.0440 0.0354 0.0471 2.2957
0.0714 0.0377 0.0432 0.0349 0.0468 2.3058
0.0710 0.0381 0.0423 0.0346 0.0465 2.3158
0.0705 0.0386 0.0413 0.0346 0.0463 2.3258
0.0699 0.0390 0.0403 0.0346 0.0460 2.3358
0.0691 0.0393 0.0394 0.0346 0.0456 2.3459
0.0684 0.0395 0.0387 0.0346 0.0453 2.3559
0.0676 0.0396 0.0381 0.0346 0.0450 2.3659
0.0669 0.0397 0.0377 0.0346 0.0447 2.3759
0.0662 0.0397 0.0376 0.0347 0.0445 2.3860
0.0655 0.0396 0.0377 0.0347 0.0444 2.3960
0.0647 0.0395 0.0380 0.0346 0.0442 2.4060
0.0639 0.0394 0.0384 0.0345 0.0441 2.4160
0.0631 0.0393 0.0391 0.0344 0.0440 2.4261
0.0622 0.0392 0.0398 0.0341 0.0438 2.4361
0.0612 0.0394 0.0406 0.0337 0.0437 2.4461
0.0603 0.0395 0.0414 0.0332 0.0436 2.4561
0.0593 0.0397 0.0422 0.0334 0.0436 2.4662
0.0583 0.0397 0.0430 0.0341 0.0438 2.4762
0.0574 0.0398 0.0437 0.0346 0.0439 2.4862
0.0565 0.0400 0.0443 0.0347 0.0439 2.4962
0.0557 0.0401 0.0448 0.0346 0.0438 2.5063
0.0550 0.0402 0.0451 0.0342 0.0436 2.5163
0.0543 0.0402 0.0453 0.0336 0.0434 2.5263
0.0538 0.0401 0.0453 0.0335 0.0432 2.5363
0.0533 0.0399 0.0451 0.0331 0.0429 2.5464
0.0530 0.0397 0.0452 0.0326 0.0426 2.5564
0.0526 0.0394 0.0457 0.0317 0.0424 2.5664
0.0523 0.0392 0.0462 0.0307 0.0421 2.5764
0.0519 0.0390 0.0465 0.0295 0.0417 2.5865
0.0515 0.0389 0.0467 0.0282 0.0413 2.5965
0.0509 0.0388 0.0468 0.0279 0.0411 2.6065
0.0502 0.0386 0.0469 0.0277 0.0409 2.6165
0.0494 0.0385 0.0471 0.0273 0.0406 2.6266
0.0488 0.0383 0.0472 0.0268 0.0403 2.6366
0.0486 0.0381 0.0471 0.0264 0.0400 2.6466
0.0482 0.0378 0.0469 0.0260 0.0397 2.6566
0.0476 0.0374 0.0467 0.0258 0.0394 2.6667
0.0467 0.0370 0.0463 0.0257 0.0389 2.6767
0.0456 0.0367 0.0458 0.0257 0.0384 2.6867
0.0442 0.0363 0.0451 0.0258 0.0379 2.6967
0.0425 0.0359 0.0444 0.0259 0.0372 2.7068
0.0405 0.0354 0.0435 0.0261 0.0364 2.7168
0.0397 0.0349 0.0425 0.0263 0.0358 2.7268
0.0400 0.0343 0.0424 0.0263 0.0358 2.7368
0.0402 0.0342 0.0423 0.0263 0.0357 2.7469
0.0403 0.0343 0.0421 0.0262 0.0357 2.7569
0.0404 0.0344 0.0418 0.0262 0.0357 2.7669
0.0404 0.0345 0.0416 0.0260 0.0356 2.7769
0.0404 0.0346 0.0412 0.0257 0.0355 2.7870
0.0403 0.0347 0.0408 0.0252 0.0352 2.7970
0.0399 0.0348 0.0403 0.0247 0.0349 2.8070
0.0394 0.0348 0.0397 0.0240 0.0345 2.8170
0.0386 0.0349 0.0391 0.0233 0.0340 2.8271
0.0381 0.0349 0.0385 0.0231 0.0336 2.8371
0.0375 0.0350 0.0378 0.0228 0.0333 2.8471
0.0368 0.0350 0.0370 0.0229 0.0329 2.8571
0.0359 0.0350 0.0363 0.0234 0.0327 2.8672
0.0350 0.0350 0.0358 0.0237 0.0323 2.8772
0.0340 0.0350 0.0353 0.0237 0.0320 2.8872
0.0330 0.0350 0.0348 0.0235 0.0316 2.8972
0.0320 0.0350 0.0342 0.0232 0.0311 2.9073
0.0308 0.0350 0.0337 0.0226 0.0306 2.9173
0.0297 0.0350 0.0332 0.0223 0.0300 2.9273
0.0286 0.0349 0.0327 0.0220 0.0295 2.9373
0.0273 0.0348 0.0322 0.0216 0.0290 2.9474
0.0261 0.0348 0.0317 0.0213 0.0284 2.9574
0.0248 0.0346 0.0312 0.0211 0.0279 2.9674
0.0241 0.0345 0.0309 0.0208 0.0276 2.9774
0.0249 0.0344 0.0307 0.0204 0.0276 2.9875
0.0255 0.0342 0.0305 0.0199 0.0275 2.9975
0.0259 0.0340 0.0303 0.0194 0.0274 3.0075
0.0261 0.0338 0.0301 0.0191 0.0273 3.0175
0.0262 0.0336 0.0298 0.0189 0.0271 3.0276
0.0262 0.0334 0.0296 0.0186 0.0269 3.0376
0.0261 0.0331 0.0294 0.0183 0.0267 3.0476
0.0258 0.0329 0.0292 0.0185 0.0266 3.0576
0.0255 0.0326 0.0291 0.0191 0.0266 3.0677
0.0251 0.0324 0.0290 0.0196 0.0265 3.0777
0.0247 0.0321 0.0290 0.0201 0.0265 3.0877
0.0242 0.0318 0.0289 0.0205 0.0264 3.0977
0.0237 0.0315 0.0289 0.0209 0.0263 3.1078
0.0232 0.0313 0.0288 0.0212 0.0261 3.1178
0.0228 0.0310 0.0288 0.0215 0.0260 3.1278
0.0223 0.0307 0.0287 0.0216 0.0258 3.1378
0.0219 0.0304 0.0286 0.0218 0.0257 3.1479
0.0214 0.0301 0.0285 0.0218 0.0255 3.1579
0.0211 0.0298 0.0284 0.0218 0.0253 3.1679
0.0207 0.0295 0.0282 0.0218 0.0251 3.1779
0.0204 0.0292 0.0280 0.0217 0.0248 3.1880
0.0201 0.0289 0.0278 0.0216 0.0246 3.1980
0.0199 0.0286 0.0275 0.0214 0.0244 3.2080
0.0197 0.0283 0.0272 0.0213 0.0241 3.2180
0.0196 0.0280 0.0268 0.0211 0.0239 3.2281
0.0195 0.0277 0.0264 0.0208 0.0236 3.2381
0.0195 0.0274 0.0259 0.0206 0.0234 3.2481
0.0195 0.0271 0.0254 0.0203 0.0231 3.2581
0.0195 0.0268 0.0251 0.0200 0.0229 3.2682
0.0195 0.0265 0.0252 0.0200 0.0228 3.2782
0.0196 0.0262 0.0252 0.0199 0.0228 3.2882
0.0197 0.0259 0.0253 0.0199 0.0227 3.2982
0.0198 0.0256 0.0252 0.0198 0.0226 3.3083
0.0200 0.0254 0.0252 0.0198 0.0226 3.3183
0.0202 0.0251 0.0251 0.0198 0.0225 3.3283
0.0204 0.0248 0.0250 0.0198 0.0225 3.3383
0.0206 0.0245 0.0249 0.0199 0.0225 3.3484
0.0208 0.0242 0.0247 0.0201 0.0225 3.3584
0.0211 0.0239 0.0245 0.0204 0.0225 3.3684
0.0214 0.0237 0.0242 0.0207 0.0225 3.3784
0.0217 0.0234 0.0239 0.0212 0.0226 3.3885
0.0221 0.0232 0.0236 0.0217 0.0226 3.3985
0.0224 0.0229 0.0234 0.0223 0.0228 3.4085
0.0228 0.0227 0.0231 0.0229 0.0229 3.4185
0.0232 0.0225 0.0228 0.0237 0.0230 3.4286
0.0236 0.0223 0.0224 0.0244 0.0232 3.4386
0.0240 0.0221 0.0221 0.0252 0.0234 3.4486
0.0244 0.0219 0.0217 0.0261 0.0235 3.4586
0.0248 0.0217 0.0213 0.0269 0.0237 3.4687
0.0252 0.0215 0.0208 0.0277 0.0238 3.4787
0.0256 0.0213 0.0203 0.0284 0.0239 3.4887
0.0259 0.0210 0.0198 0.0291 0.0240 3.4987
0.0263 0.0211 0.0193 0.0298 0.0241 3.5088
0.0266 0.0211 0.0190 0.0303 0.0242 3.5188
0.0268 0.0211 0.0188 0.0308 0.0244 3.5288
0.0271 0.0211 0.0187 0.0312 0.0245 3.5388
0.0274 0.0213 0.0185 0.0316 0.0247 3.5489
0.0277 0.0214 0.0183 0.0318 0.0248 3.5589
0.0280 0.0214 0.0182 0.0319 0.0249 3.5689
0.0285 0.0215 0.0180 0.0320 0.0250 3.5789
0.0289 0.0215 0.0179 0.0319 0.0250 3.5890
0.0293 0.0217 0.0177 0.0317 0.0251 3.5990
0.0297 0.0219 0.0176 0.0315 0.0251 3.6090
0.0300 0.0220 0.0175 0.0311 0.0251 3.6190
0.0302 0.0221 0.0173 0.0306 0.0251 3.6291
0.0305 0.0222 0.0172 0.0301 0.0250 3.6391
0.0306 0.0223 0.0170 0.0295 0.0249 3.6491
0.0308 0.0223 0.0168 0.0289 0.0247 3.6591
0.0308 0.0224 0.0166 0.0281 0.0245 3.6692
0.0308 0.0224 0.0164 0.0274 0.0243 3.6792
0.0307 0.0224 0.0162 0.0266 0.0240 3.6892
0.0306 0.0225 0.0160 0.0258 0.0237 3.6992
0.0303 0.0224 0.0157 0.0250 0.0234 3.7093
0.0300 0.0224 0.0155 0.0243 0.0230 3.7193
0.0296 0.0223 0.0152 0.0238 0.0227 3.7293
0.0292 0.0222 0.0149 0.0238 0.0225 3.7393
0.0287 0.0220 0.0147 0.0239 0.0223 3.7494
0.0281 0.0219 0.0144 0.0239 0.0221 3.7594
0.0275 0.0217 0.0142 0.0238 0.0218 3.7694
0.0268 0.0216 0.0140 0.0238 0.0216 3.7794
0.0264 0.0217 0.0139 0.0238 0.0214 3.7895
0.0259 0.0220 0.0137 0.0238 0.0214 3.7995
0.0254 0.0222 0.0136 0.0238 0.0213 3.8095
0.0248 0.0224 0.0134 0.0239 0.0211 3.8195
0.0242 0.0225 0.0133 0.0239 0.0210 3.8296
0.0235 0.0226 0.0131 0.0239 0.0208 3.8396
0.0228 0.0227 0.0130 0.0239 0.0206 3.8496
0.0220 0.0227 0.0128 0.0239 0.0204 3.8596
0.0212 0.0227 0.0126 0.0239 0.0201 3.8697
0.0204 0.0227 0.0125 0.0239 0.0199 3.8797
0.0202 0.0226 0.0124 0.0242 0.0198 3.8897
0.0200 0.0225 0.0122 0.0248 0.0199 3.8997
0.0199 0.0224 0.0121 0.0253 0.0199 3.9098
0.0197 0.0223 0.0120 0.0259 0.0200 3.9198
0.0195 0.0222 0.0118 0.0264 0.0200 3.9298
0.0193 0.0221 0.0117 0.0269 0.0200 3.9398
0.0190 0.0219 0.0115 0.0273 0.0199 3.9499
0.0187 0.0218 0.0113 0.0277 0.0199 3.9599
0.0184 0.0217 0.0112 0.0281 0.0198 3.9699
0.0181 0.0215 0.0110 0.0284 0.0197 3.9799
0.0178 0.0213 0.0109 0.0286 0.0196 3.9900
0.0176 0.0210 0.0107 0.0287 0.0195 4.0000
