------------------------------------------------------------------------------------------------------------------------------------
                                           "UNIVERSIDAD TÉCNICA PARTICULAR DE LOJA"
                                                TITULACIÓN DE INGENIRÍA CIVIL
                                        LABORATORIO VIRTUAL DE INGENIERÍA SÍSMICA (VLEE)

LABORATORIO: Dinámica de estructuras
EXPERMIENTO: Espectro de diseño
CARACTERÍSTICA DEL EXPERIMENTO:
Obtiene el espectro de diseño basado en el criterio del promedio de "n" espectros de respuesta
HORA-FECHA:
28-Jul-2016 10:49:05
-------------------------------------------------------------------------------------------------------------------------------------
DATOS DE SALIDA:
ESPECTRO DE PseudoDesplazamiento
0.0000 0.0000 0.0000 0.0000 0.0000 0.0000 0.0000 0.0000 0.0000 0.0000
0.0000 0.0000 0.0000 0.0000 0.0000 0.0000 0.0000 0.0000 0.0000 0.0100
0.0003 0.0003 0.0003 0.0003 0.0003 0.0034 0.0034 0.0034 0.0014 0.0201
0.0006 0.0006 0.0006 0.0006 0.0006 0.0089 0.0089 0.0089 0.0037 0.0301
0.0011 0.0011 0.0011 0.0011 0.0011 0.0157 0.0157 0.0157 0.0065 0.0401
0.0017 0.0017 0.0017 0.0017 0.0017 0.0239 0.0239 0.0239 0.0100 0.0501
0.0027 0.0027 0.0027 0.0027 0.0027 0.0393 0.0393 0.0393 0.0164 0.0602
0.0037 0.0037 0.0037 0.0037 0.0037 0.0502 0.0502 0.0502 0.0211 0.0702
0.0049 0.0049 0.0049 0.0049 0.0049 0.0707 0.0707 0.0707 0.0296 0.0802
0.0068 0.0068 0.0068 0.0068 0.0068 0.0943 0.0943 0.0943 0.0396 0.0902
0.0089 0.0089 0.0089 0.0089 0.0089 0.1310 0.1310 0.1310 0.0547 0.1003
0.0121 0.0121 0.0121 0.0121 0.0121 0.2077 0.2077 0.2077 0.0855 0.1103
0.0188 0.0188 0.0188 0.0188 0.0188 0.2090 0.2090 0.2090 0.0901 0.1203
0.0260 0.0260 0.0260 0.0260 0.0260 0.2388 0.2388 0.2388 0.1058 0.1303
0.0283 0.0283 0.0283 0.0283 0.0283 0.4102 0.4102 0.4102 0.1715 0.1404
0.0333 0.0333 0.0333 0.0333 0.0333 0.4680 0.4680 0.4680 0.1963 0.1504
0.0399 0.0399 0.0399 0.0399 0.0399 0.4096 0.4096 0.4096 0.1785 0.1604
0.0482 0.0482 0.0482 0.0482 0.0482 0.4691 0.4691 0.4691 0.2060 0.1704
0.0470 0.0470 0.0470 0.0470 0.0470 0.4877 0.4877 0.4877 0.2123 0.1805
0.0600 0.0600 0.0600 0.0600 0.0600 0.5031 0.5031 0.5031 0.2262 0.1905
0.0736 0.0736 0.0736 0.0736 0.0736 0.6797 0.6797 0.6797 0.3009 0.2005
0.0824 0.0824 0.0824 0.0824 0.0824 0.8887 0.8887 0.8887 0.3848 0.2105
0.0999 0.0999 0.0999 0.0999 0.0999 0.9711 0.9711 0.9711 0.4266 0.2206
0.0910 0.0910 0.0910 0.0910 0.0910 0.9835 0.9835 0.9835 0.4257 0.2306
0.1135 0.1135 0.1135 0.1135 0.1135 0.8830 0.8830 0.8830 0.4020 0.2406
0.1339 0.1339 0.1339 0.1339 0.1339 0.9455 0.9455 0.9455 0.4383 0.2506
0.1389 0.1389 0.1389 0.1389 0.1389 1.0511 1.0511 1.0511 0.4810 0.2607
0.1408 0.1408 0.1408 0.1408 0.1408 1.1135 1.1135 1.1135 0.5055 0.2707
0.1418 0.1418 0.1418 0.1418 0.1418 1.1730 1.1730 1.1730 0.5285 0.2807
0.1592 0.1592 0.1592 0.1592 0.1592 1.3561 1.3561 1.3561 0.6081 0.2907
0.1670 0.1670 0.1670 0.1670 0.1670 1.7264 1.7264 1.7264 0.7518 0.3008
0.1819 0.1819 0.1819 0.1819 0.1819 2.1749 2.1749 2.1749 0.9293 0.3108
0.2166 0.2166 0.2166 0.2166 0.2166 2.5531 2.5531 2.5531 1.0928 0.3208
0.2408 0.2408 0.2408 0.2408 0.2408 2.7988 2.7988 2.7988 1.2001 0.3308
0.2658 0.2658 0.2658 0.2658 0.2658 2.8469 2.8469 2.8469 1.2337 0.3409
0.2804 0.2804 0.2804 0.2804 0.2804 2.7364 2.7364 2.7364 1.2014 0.3509
0.2768 0.2768 0.2768 0.2768 0.2768 2.7154 2.7154 2.7154 1.1913 0.3609
0.2610 0.2610 0.2610 0.2610 0.2610 2.5614 2.5614 2.5614 1.1237 0.3709
0.2459 0.2459 0.2459 0.2459 0.2459 2.3485 2.3485 2.3485 1.0344 0.3810
0.2544 0.2544 0.2544 0.2544 0.2544 2.1708 2.1708 2.1708 0.9730 0.3910
0.2796 0.2796 0.2796 0.2796 0.2796 2.0763 2.0763 2.0763 0.9534 0.4010
0.2805 0.2805 0.2805 0.2805 0.2805 2.1083 2.1083 2.1083 0.9659 0.4110
0.3125 0.3125 0.3125 0.3125 0.3125 2.2961 2.2961 2.2961 1.0564 0.4211
0.3277 0.3277 0.3277 0.3277 0.3277 2.5753 2.5753 2.5753 1.1705 0.4311
0.3332 0.3332 0.3332 0.3332 0.3332 2.9042 2.9042 2.9042 1.2973 0.4411
0.3797 0.3797 0.3797 0.3797 0.3797 3.2212 3.2212 3.2212 1.4452 0.4511
0.4041 0.4041 0.4041 0.4041 0.4041 3.4911 3.4911 3.4911 1.5617 0.4612
0.4089 0.4089 0.4089 0.4089 0.4089 3.7030 3.7030 3.7030 1.6442 0.4712
0.4013 0.4013 0.4013 0.4013 0.4013 3.8265 3.8265 3.8265 1.6857 0.4812
0.4092 0.4092 0.4092 0.4092 0.4092 3.8581 3.8581 3.8581 1.7026 0.4912
0.4277 0.4277 0.4277 0.4277 0.4277 3.8908 3.8908 3.8908 1.7264 0.5013
0.4406 0.4406 0.4406 0.4406 0.4406 3.8537 3.8537 3.8537 1.7205 0.5113
0.4606 0.4606 0.4606 0.4606 0.4606 3.7452 3.7452 3.7452 1.6923 0.5213
0.4667 0.4667 0.4667 0.4667 0.4667 3.6591 3.6591 3.6591 1.6639 0.5313
0.4635 0.4635 0.4635 0.4635 0.4635 3.5067 3.5067 3.5067 1.6047 0.5414
0.4634 0.4634 0.4634 0.4634 0.4634 3.3074 3.3074 3.3074 1.5299 0.5514
0.4805 0.4805 0.4805 0.4805 0.4805 3.0732 3.0732 3.0732 1.4528 0.5614
0.4672 0.4672 0.4672 0.4672 0.4672 2.8105 2.8105 2.8105 1.3460 0.5714
0.5085 0.5085 0.5085 0.5085 0.5085 2.6542 2.6542 2.6542 1.3131 0.5815
0.5647 0.5647 0.5647 0.5647 0.5647 2.4732 2.4732 2.4732 1.2804 0.5915
0.6116 0.6116 0.6116 0.6116 0.6116 2.4375 2.4375 2.4375 1.2963 0.6015
0.6470 0.6470 0.6470 0.6470 0.6470 2.4967 2.4967 2.4967 1.3406 0.6115
0.6704 0.6704 0.6704 0.6704 0.6704 2.5493 2.5493 2.5493 1.3750 0.6216
0.6868 0.6868 0.6868 0.6868 0.6868 2.6020 2.6020 2.6020 1.4050 0.6316
0.6951 0.6951 0.6951 0.6951 0.6951 2.6526 2.6526 2.6526 1.4292 0.6416
0.6911 0.6911 0.6911 0.6911 0.6911 2.6969 2.6969 2.6969 1.4433 0.6516
0.6642 0.6642 0.6642 0.6642 0.6642 2.7351 2.7351 2.7351 1.4408 0.6617
0.6184 0.6184 0.6184 0.6184 0.6184 2.7772 2.7772 2.7772 1.4280 0.6717
0.5855 0.5855 0.5855 0.5855 0.5855 2.8140 2.8140 2.8140 1.4212 0.6817
0.6029 0.6029 0.6029 0.6029 0.6029 2.8451 2.8451 2.8451 1.4437 0.6917
0.6233 0.6233 0.6233 0.6233 0.6233 2.8771 2.8771 2.8771 1.4685 0.7018
0.6483 0.6483 0.6483 0.6483 0.6483 2.9070 2.9070 2.9070 1.4953 0.7118
0.6702 0.6702 0.6702 0.6702 0.6702 2.9339 2.9339 2.9339 1.5191 0.7218
0.6837 0.6837 0.6837 0.6837 0.6837 2.9628 2.9628 2.9628 1.5384 0.7318
0.6864 0.6864 0.6864 0.6864 0.6864 3.0212 3.0212 3.0212 1.5620 0.7419
0.6816 0.6816 0.6816 0.6816 0.6816 3.1888 3.1888 3.1888 1.6218 0.7519
0.6711 0.6711 0.6711 0.6711 0.6711 3.2866 3.2866 3.2866 1.6519 0.7619
0.6552 0.6552 0.6552 0.6552 0.6552 3.3121 3.3121 3.3121 1.6515 0.7719
0.6326 0.6326 0.6326 0.6326 0.6326 3.2678 3.2678 3.2678 1.6208 0.7820
0.6926 0.6926 0.6926 0.6926 0.6926 3.4050 3.4050 3.4050 1.7097 0.7920
0.7605 0.7605 0.7605 0.7605 0.7605 3.5971 3.5971 3.5971 1.8242 0.8020
0.8124 0.8124 0.8124 0.8124 0.8124 3.7708 3.7708 3.7708 1.9218 0.8120
0.8410 0.8410 0.8410 0.8410 0.8410 3.9372 3.9372 3.9372 2.0021 0.8221
0.8456 0.8456 0.8456 0.8456 0.8456 4.0798 4.0798 4.0798 2.0584 0.8321
0.8548 0.8548 0.8548 0.8548 0.8548 4.1972 4.1972 4.1972 2.1082 0.8421
0.9097 0.9097 0.9097 0.9097 0.9097 4.3064 4.3064 4.3064 2.1835 0.8521
0.9504 0.9504 0.9504 0.9504 0.9504 4.3881 4.3881 4.3881 2.2395 0.8622
0.9845 0.9845 0.9845 0.9845 0.9845 4.4478 4.4478 4.4478 2.2832 0.8722
1.0140 1.0140 1.0140 1.0140 1.0140 4.4934 4.4934 4.4934 2.3188 0.8822
1.0395 1.0395 1.0395 1.0395 1.0395 4.5106 4.5106 4.5106 2.3412 0.8922
1.0600 1.0600 1.0600 1.0600 1.0600 4.5160 4.5160 4.5160 2.3560 0.9023
1.0717 1.0717 1.0717 1.0717 1.0717 4.4981 4.4981 4.4981 2.3566 0.9123
1.0759 1.0759 1.0759 1.0759 1.0759 4.4623 4.4623 4.4623 2.3458 0.9223
1.0709 1.0709 1.0709 1.0709 1.0709 4.4109 4.4109 4.4109 2.3234 0.9323
1.0590 1.0590 1.0590 1.0590 1.0590 4.3405 4.3405 4.3405 2.2896 0.9424
1.0439 1.0439 1.0439 1.0439 1.0439 4.2582 4.2582 4.2582 2.2493 0.9524
1.0288 1.0288 1.0288 1.0288 1.0288 4.1604 4.1604 4.1604 2.2031 0.9624
1.0163 1.0163 1.0163 1.0163 1.0163 4.0500 4.0500 4.0500 2.1539 0.9724
1.0333 1.0333 1.0333 1.0333 1.0333 4.0439 4.0439 4.0439 2.1623 0.9825
1.0756 1.0756 1.0756 1.0756 1.0756 4.1477 4.1477 4.1477 2.2276 0.9925
1.1112 1.1112 1.1112 1.1112 1.1112 4.3843 4.3843 4.3843 2.3386 1.0025
1.1387 1.1387 1.1387 1.1387 1.1387 4.5977 4.5977 4.5977 2.4358 1.0125
1.1553 1.1553 1.1553 1.1553 1.1553 4.7862 4.7862 4.7862 2.5169 1.0226
1.1634 1.1634 1.1634 1.1634 1.1634 4.9472 4.9472 4.9472 2.5823 1.0326
1.1615 1.1615 1.1615 1.1615 1.1615 5.0759 5.0759 5.0759 2.6294 1.0426
1.1482 1.1482 1.1482 1.1482 1.1482 5.1670 5.1670 5.1670 2.6552 1.0526
1.1471 1.1471 1.1471 1.1471 1.1471 5.2204 5.2204 5.2204 2.6746 1.0627
1.1540 1.1540 1.1540 1.1540 1.1540 5.2361 5.2361 5.2361 2.6848 1.0727
1.1435 1.1435 1.1435 1.1435 1.1435 5.2162 5.2162 5.2162 2.6708 1.0827
1.1189 1.1189 1.1189 1.1189 1.1189 5.1721 5.1721 5.1721 2.6388 1.0927
1.0882 1.0882 1.0882 1.0882 1.0882 5.1111 5.1111 5.1111 2.5968 1.1028
1.0598 1.0598 1.0598 1.0598 1.0598 5.0642 5.0642 5.0642 2.5615 1.1128
1.1140 1.1140 1.1140 1.1140 1.1140 5.0612 5.0612 5.0612 2.5942 1.1228
1.1607 1.1607 1.1607 1.1607 1.1607 5.0332 5.0332 5.0332 2.6129 1.1328
1.2000 1.2000 1.2000 1.2000 1.2000 4.9829 4.9829 4.9829 2.6186 1.1429
1.2300 1.2300 1.2300 1.2300 1.2300 4.9340 4.9340 4.9340 2.6190 1.1529
1.2499 1.2499 1.2499 1.2499 1.2499 4.9345 4.9345 4.9345 2.6316 1.1629
1.2585 1.2585 1.2585 1.2585 1.2585 4.9284 4.9284 4.9284 2.6347 1.1729
1.2591 1.2591 1.2591 1.2591 1.2591 4.9125 4.9125 4.9125 2.6291 1.1830
1.2536 1.2536 1.2536 1.2536 1.2536 4.8948 4.8948 4.8948 2.6191 1.1930
1.2449 1.2449 1.2449 1.2449 1.2449 4.8703 4.8703 4.8703 2.6045 1.2030
1.2346 1.2346 1.2346 1.2346 1.2346 4.8371 4.8371 4.8371 2.5855 1.2130
1.2209 1.2209 1.2209 1.2209 1.2209 4.8022 4.8022 4.8022 2.5639 1.2231
1.2031 1.2031 1.2031 1.2031 1.2031 4.7617 4.7617 4.7617 2.5376 1.2331
1.2341 1.2341 1.2341 1.2341 1.2341 4.7134 4.7134 4.7134 2.5389 1.2431
1.3399 1.3399 1.3399 1.3399 1.3399 4.6631 4.6631 4.6631 2.5861 1.2531
1.4416 1.4416 1.4416 1.4416 1.4416 4.6088 4.6088 4.6088 2.6293 1.2632
1.5315 1.5315 1.5315 1.5315 1.5315 4.5476 4.5476 4.5476 2.6626 1.2732
1.6053 1.6053 1.6053 1.6053 1.6053 4.4839 4.4839 4.4839 2.6848 1.2832
1.6606 1.6606 1.6606 1.6606 1.6606 4.4177 4.4177 4.4177 2.6945 1.2932
1.6972 1.6972 1.6972 1.6972 1.6972 4.3458 4.3458 4.3458 2.6904 1.3033
1.7175 1.7175 1.7175 1.7175 1.7175 4.2700 4.2700 4.2700 2.6747 1.3133
1.7247 1.7247 1.7247 1.7247 1.7247 4.2823 4.2823 4.2823 2.6838 1.3233
1.7217 1.7217 1.7217 1.7217 1.7217 4.3009 4.3009 4.3009 2.6889 1.3333
1.7107 1.7107 1.7107 1.7107 1.7107 4.3163 4.3163 4.3163 2.6878 1.3434
1.6956 1.6956 1.6956 1.6956 1.6956 4.3327 4.3327 4.3327 2.6845 1.3534
1.7454 1.7454 1.7454 1.7454 1.7454 4.3468 4.3468 4.3468 2.7210 1.3634
1.7773 1.7773 1.7773 1.7773 1.7773 4.3580 4.3580 4.3580 2.7451 1.3734
1.7897 1.7897 1.7897 1.7897 1.7897 4.3664 4.3664 4.3664 2.7559 1.3835
1.7828 1.7828 1.7828 1.7828 1.7828 4.3719 4.3719 4.3719 2.7537 1.3935
1.7592 1.7592 1.7592 1.7592 1.7592 4.3759 4.3759 4.3759 2.7404 1.4035
1.7236 1.7236 1.7236 1.7236 1.7236 4.3805 4.3805 4.3805 2.7200 1.4135
1.7366 1.7366 1.7366 1.7366 1.7366 4.3826 4.3826 4.3826 2.7289 1.4236
1.7471 1.7471 1.7471 1.7471 1.7471 4.4725 4.4725 4.4725 2.7692 1.4336
1.7578 1.7578 1.7578 1.7578 1.7578 4.5829 4.5829 4.5829 2.8172 1.4436
1.7708 1.7708 1.7708 1.7708 1.7708 4.6527 4.6527 4.6527 2.8515 1.4536
1.7841 1.7841 1.7841 1.7841 1.7841 4.6730 4.6730 4.6730 2.8675 1.4637
1.7929 1.7929 1.7929 1.7929 1.7929 4.8022 4.8022 4.8022 2.9214 1.4737
1.7923 1.7923 1.7923 1.7923 1.7923 4.9020 4.9020 4.9020 2.9584 1.4837
1.8381 1.8381 1.8381 1.8381 1.8381 4.9644 4.9644 4.9644 3.0105 1.4937
1.9072 1.9072 1.9072 1.9072 1.9072 4.9941 4.9941 4.9941 3.0648 1.5038
1.9599 1.9599 1.9599 1.9599 1.9599 4.9914 4.9914 4.9914 3.0967 1.5138
1.9962 1.9962 1.9962 1.9962 1.9962 4.9526 4.9526 4.9526 3.1048 1.5238
2.0158 2.0158 2.0158 2.0158 2.0158 4.8742 4.8742 4.8742 3.0877 1.5338
2.0217 2.0217 2.0217 2.0217 2.0217 4.7561 4.7561 4.7561 3.0471 1.5439
2.0150 2.0150 2.0150 2.0150 2.0150 4.6056 4.6056 4.6056 2.9865 1.5539
1.9979 1.9979 1.9979 1.9979 1.9979 4.4268 4.4268 4.4268 2.9087 1.5639
1.9720 1.9720 1.9720 1.9720 1.9720 4.2290 4.2290 4.2290 2.8184 1.5739
1.9391 1.9391 1.9391 1.9391 1.9391 4.1825 4.1825 4.1825 2.7804 1.5840
1.9011 1.9011 1.9011 1.9011 1.9011 4.1584 4.1584 4.1584 2.7476 1.5940
1.9185 1.9185 1.9185 1.9185 1.9185 4.1330 4.1330 4.1330 2.7490 1.6040
1.9902 1.9902 1.9902 1.9902 1.9902 4.1063 4.1063 4.1063 2.7837 1.6140
2.0623 2.0623 2.0623 2.0623 2.0623 4.0782 4.0782 4.0782 2.8183 1.6241
2.1307 2.1307 2.1307 2.1307 2.1307 4.0516 4.0516 4.0516 2.8510 1.6341
2.1916 2.1916 2.1916 2.1916 2.1916 4.0237 4.0237 4.0237 2.8786 1.6441
2.2417 2.2417 2.2417 2.2417 2.2417 4.0229 4.0229 4.0229 2.9097 1.6541
2.2798 2.2798 2.2798 2.2798 2.2798 4.0342 4.0342 4.0342 2.9377 1.6642
2.3043 2.3043 2.3043 2.3043 2.3043 4.0464 4.0464 4.0464 2.9576 1.6742
2.3161 2.3161 2.3161 2.3161 2.3161 4.0582 4.0582 4.0582 2.9694 1.6842
2.3185 2.3185 2.3185 2.3185 2.3185 4.0698 4.0698 4.0698 2.9752 1.6942
2.3265 2.3265 2.3265 2.3265 2.3265 4.0811 4.0811 4.0811 2.9845 1.7043
2.3375 2.3375 2.3375 2.3375 2.3375 4.0922 4.0922 4.0922 2.9955 1.7143
2.3456 2.3456 2.3456 2.3456 2.3456 4.1029 4.1029 4.1029 3.0046 1.7243
2.3504 2.3504 2.3504 2.3504 2.3504 4.1135 4.1135 4.1135 3.0116 1.7343
2.3532 2.3532 2.3532 2.3532 2.3532 4.1237 4.1237 4.1237 3.0172 1.7444
2.3519 2.3519 2.3519 2.3519 2.3519 4.1338 4.1338 4.1338 3.0201 1.7544
2.3446 2.3446 2.3446 2.3446 2.3446 4.1436 4.1436 4.1436 3.0192 1.7644
2.4109 2.4109 2.4109 2.4109 2.4109 4.1531 4.1531 4.1531 3.0643 1.7744
2.5017 2.5017 2.5017 2.5017 2.5017 4.1625 4.1625 4.1625 3.1245 1.7845
2.5886 2.5886 2.5886 2.5886 2.5886 4.1716 4.1716 4.1716 3.1822 1.7945
2.6688 2.6688 2.6688 2.6688 2.6688 4.1805 4.1805 4.1805 3.2357 1.8045
2.7401 2.7401 2.7401 2.7401 2.7401 4.1892 4.1892 4.1892 3.2835 1.8145
2.8013 2.8013 2.8013 2.8013 2.8013 4.1976 4.1976 4.1976 3.3249 1.8246
2.8510 2.8510 2.8510 2.8510 2.8510 4.2062 4.2062 4.2062 3.3592 1.8346
2.8885 2.8885 2.8885 2.8885 2.8885 4.2153 4.2153 4.2153 3.3861 1.8446
2.9140 2.9140 2.9140 2.9140 2.9140 4.2241 4.2241 4.2241 3.4053 1.8546
2.9279 2.9279 2.9279 2.9279 2.9279 4.2328 4.2328 4.2328 3.4172 1.8647
2.9580 2.9580 2.9580 2.9580 2.9580 4.2412 4.2412 4.2412 3.4392 1.8747
3.0355 3.0355 3.0355 3.0355 3.0355 4.2495 4.2495 4.2495 3.4908 1.8847
3.1000 3.1000 3.1000 3.1000 3.1000 4.2576 4.2576 4.2576 3.5341 1.8947
3.1526 3.1526 3.1526 3.1526 3.1526 4.2654 4.2654 4.2654 3.5699 1.9048
3.1925 3.1925 3.1925 3.1925 3.1925 4.2732 4.2732 4.2732 3.5977 1.9148
3.2190 3.2190 3.2190 3.2190 3.2190 4.2807 4.2807 4.2807 3.6171 1.9248
3.2306 3.2306 3.2306 3.2306 3.2306 4.2881 4.2881 4.2881 3.6272 1.9348
3.2263 3.2263 3.2263 3.2263 3.2263 4.2953 4.2953 4.2953 3.6271 1.9449
3.2065 3.2065 3.2065 3.2065 3.2065 4.3023 4.3023 4.3023 3.6174 1.9549
3.2853 3.2853 3.2853 3.2853 3.2853 4.3092 4.3092 4.3092 3.6692 1.9649
3.3628 3.3628 3.3628 3.3628 3.3628 4.3159 4.3159 4.3159 3.7202 1.9749
3.4378 3.4378 3.4378 3.4378 3.4378 4.3225 4.3225 4.3225 3.7695 1.9850
3.5103 3.5103 3.5103 3.5103 3.5103 4.3289 4.3289 4.3289 3.8173 1.9950
3.5807 3.5807 3.5807 3.5807 3.5807 4.3352 4.3352 4.3352 3.8636 2.0050
3.6492 3.6492 3.6492 3.6492 3.6492 4.3413 4.3413 4.3413 3.9087 2.0150
3.7158 3.7158 3.7158 3.7158 3.7158 4.3473 4.3473 4.3473 3.9526 2.0251
3.7802 3.7802 3.7802 3.7802 3.7802 4.3536 4.3536 4.3536 3.9952 2.0351
3.8413 3.8413 3.8413 3.8413 3.8413 4.3600 4.3600 4.3600 4.0358 2.0451
3.8978 3.8978 3.8978 3.8978 3.8978 4.3664 4.3664 4.3664 4.0735 2.0551
3.9478 3.9478 3.9478 3.9478 3.9478 4.3726 4.3726 4.3726 4.1071 2.0652
3.9893 3.9893 3.9893 3.9893 3.9893 4.3787 4.3787 4.3787 4.1353 2.0752
4.0204 4.0204 4.0204 4.0204 4.0204 4.3847 4.3847 4.3847 4.1570 2.0852
4.0396 4.0396 4.0396 4.0396 4.0396 4.3905 4.3905 4.3905 4.1712 2.0952
4.0463 4.0463 4.0463 4.0463 4.0463 4.3962 4.3962 4.3962 4.1775 2.1053
4.0392 4.0392 4.0392 4.0392 4.0392 4.4018 4.4018 4.4018 4.1752 2.1153
4.0183 4.0183 4.0183 4.0183 4.0183 4.4073 4.4073 4.4073 4.1642 2.1253
3.9846 3.9846 3.9846 3.9846 3.9846 4.4126 4.4126 4.4126 4.1451 2.1353
3.9401 3.9401 3.9401 3.9401 3.9401 4.4178 4.4178 4.4178 4.1192 2.1454
3.8865 3.8865 3.8865 3.8865 3.8865 4.4230 4.4230 4.4230 4.0877 2.1554
3.8269 3.8269 3.8269 3.8269 3.8269 4.4280 4.4280 4.4280 4.0523 2.1654
3.8087 3.8087 3.8087 3.8087 3.8087 4.4329 4.4329 4.4329 4.0428 2.1754
3.9030 3.9030 3.9030 3.9030 3.9030 4.4377 4.4377 4.4377 4.1035 2.1855
4.0213 4.0213 4.0213 4.0213 4.0213 4.4424 4.4424 4.4424 4.1792 2.1955
4.1396 4.1396 4.1396 4.1396 4.1396 4.4470 4.4470 4.4470 4.2549 2.2055
4.2550 4.2550 4.2550 4.2550 4.2550 4.4516 4.4516 4.4516 4.3287 2.2155
4.3659 4.3659 4.3659 4.3659 4.3659 4.4560 4.4560 4.4560 4.3997 2.2256
4.4724 4.4724 4.4724 4.4724 4.4724 4.4603 4.4603 4.4603 4.4678 2.2356
4.5730 4.5730 4.5730 4.5730 4.5730 4.4646 4.4646 4.4646 4.5323 2.2456
4.6666 4.6666 4.6666 4.6666 4.6666 4.4687 4.4687 4.4687 4.5924 2.2556
4.7530 4.7530 4.7530 4.7530 4.7530 4.4728 4.4728 4.4728 4.6479 2.2657
4.8304 4.8304 4.8304 4.8304 4.8304 4.4767 4.4767 4.4767 4.6978 2.2757
4.8976 4.8976 4.8976 4.8976 4.8976 4.4812 4.4812 4.4812 4.7414 2.2857
4.9533 4.9533 4.9533 4.9533 4.9533 4.4855 4.4855 4.4855 4.7779 2.2957
4.9964 4.9964 4.9964 4.9964 4.9964 4.4898 4.4898 4.4898 4.8064 2.3058
5.0259 5.0259 5.0259 5.0259 5.0259 4.4940 4.4940 4.4940 4.8264 2.3158
5.0413 5.0413 5.0413 5.0413 5.0413 4.4982 4.4982 4.4982 4.8376 2.3258
5.0428 5.0428 5.0428 5.0428 5.0428 4.5022 4.5022 4.5022 4.8401 2.3358
5.0312 5.0312 5.0312 5.0312 5.0312 4.5062 4.5062 4.5062 4.8343 2.3459
5.0461 5.0461 5.0461 5.0461 5.0461 4.5101 4.5101 4.5101 4.8451 2.3559
5.0802 5.0802 5.0802 5.0802 5.0802 4.5139 4.5139 4.5139 4.8678 2.3659
5.1075 5.1075 5.1075 5.1075 5.1075 4.5176 4.5176 4.5176 4.8863 2.3759
5.1451 5.1451 5.1451 5.1451 5.1451 4.5213 4.5213 4.5213 4.9112 2.3860
5.2012 5.2012 5.2012 5.2012 5.2012 4.5249 4.5249 4.5249 4.9476 2.3960
5.2424 5.2424 5.2424 5.2424 5.2424 4.5284 4.5284 4.5284 4.9747 2.4060
5.2690 5.2690 5.2690 5.2690 5.2690 4.5319 4.5319 4.5319 4.9926 2.4160
5.4191 5.4191 5.4191 5.4191 5.4191 4.5353 4.5353 4.5353 5.0877 2.4261
5.5839 5.5839 5.5839 5.5839 5.5839 4.5386 4.5386 4.5386 5.1919 2.4361
5.7273 5.7273 5.7273 5.7273 5.7273 4.5419 4.5419 4.5419 5.2828 2.4461
5.8485 5.8485 5.8485 5.8485 5.8485 4.5451 4.5451 4.5451 5.3597 2.4561
5.9464 5.9464 5.9464 5.9464 5.9464 4.5482 4.5482 4.5482 5.4221 2.4662
6.0214 6.0214 6.0214 6.0214 6.0214 4.5513 4.5513 4.5513 5.4701 2.4762
6.0736 6.0736 6.0736 6.0736 6.0736 4.5543 4.5543 4.5543 5.5039 2.4862
6.1022 6.1022 6.1022 6.1022 6.1022 4.5573 4.5573 4.5573 5.5229 2.4962
6.1076 6.1076 6.1076 6.1076 6.1076 4.5602 4.5602 4.5602 5.5273 2.5063
6.0908 6.0908 6.0908 6.0908 6.0908 4.5631 4.5631 4.5631 5.5179 2.5163
6.0542 6.0542 6.0542 6.0542 6.0542 4.5659 4.5659 4.5659 5.4961 2.5263
6.0007 6.0007 6.0007 6.0007 6.0007 4.5686 4.5686 4.5686 5.4637 2.5363
5.9362 5.9362 5.9362 5.9362 5.9362 4.5713 4.5713 4.5713 5.4244 2.5464
6.0096 6.0096 6.0096 6.0096 6.0096 4.5740 4.5740 4.5740 5.4712 2.5564
6.1656 6.1656 6.1656 6.1656 6.1656 4.5766 4.5766 4.5766 5.5697 2.5664
6.3092 6.3092 6.3092 6.3092 6.3092 4.5791 4.5791 4.5791 5.6604 2.5764
6.4387 6.4387 6.4387 6.4387 6.4387 4.5816 4.5816 4.5816 5.7423 2.5865
6.5545 6.5545 6.5545 6.5545 6.5545 4.5842 4.5842 4.5842 5.8156 2.5965
6.6571 6.6571 6.6571 6.6571 6.6571 4.5870 4.5870 4.5870 5.8808 2.6065
6.7479 6.7479 6.7479 6.7479 6.7479 4.5897 4.5897 4.5897 5.9386 2.6165
6.8272 6.8272 6.8272 6.8272 6.8272 4.5924 4.5924 4.5924 5.9892 2.6266
6.8913 6.8913 6.8913 6.8913 6.8913 4.5951 4.5951 4.5951 6.0302 2.6366
6.9373 6.9373 6.9373 6.9373 6.9373 4.5977 4.5977 4.5977 6.0599 2.6466
6.9624 6.9624 6.9624 6.9624 6.9624 4.6003 4.6003 4.6003 6.0766 2.6566
6.9647 6.9647 6.9647 6.9647 6.9647 4.6028 4.6028 4.6028 6.0790 2.6667
6.9450 6.9450 6.9450 6.9450 6.9450 4.6053 4.6053 4.6053 6.0676 2.6767
6.9022 6.9022 6.9022 6.9022 6.9022 4.6077 4.6077 4.6077 6.0418 2.6867
6.8377 6.8377 6.8377 6.8377 6.8377 4.6101 4.6101 4.6101 6.0023 2.6967
6.7519 6.7519 6.7519 6.7519 6.7519 4.6125 4.6125 4.6125 5.9497 2.7068
6.6460 6.6460 6.6460 6.6460 6.6460 4.6148 4.6148 4.6148 5.8843 2.7168
6.5216 6.5216 6.5216 6.5216 6.5216 4.6171 4.6171 4.6171 5.8074 2.7268
6.3795 6.3795 6.3795 6.3795 6.3795 4.6193 4.6193 4.6193 5.7195 2.7368
6.2224 6.2224 6.2224 6.2224 6.2224 4.6215 4.6215 4.6215 5.6221 2.7469
6.1925 6.1925 6.1925 6.1925 6.1925 4.6237 4.6237 4.6237 5.6042 2.7569
6.1567 6.1567 6.1567 6.1567 6.1567 4.6258 4.6258 4.6258 5.5826 2.7669
6.1118 6.1118 6.1118 6.1118 6.1118 4.6279 4.6279 4.6279 5.5554 2.7769
6.0589 6.0589 6.0589 6.0589 6.0589 4.6300 4.6300 4.6300 5.5230 2.7870
5.9979 5.9979 5.9979 5.9979 5.9979 4.6320 4.6320 4.6320 5.4857 2.7970
5.9311 5.9311 5.9311 5.9311 5.9311 4.6340 4.6340 4.6340 5.4447 2.8070
5.8579 5.8579 5.8579 5.8579 5.8579 4.6359 4.6359 4.6359 5.3997 2.8170
5.7805 5.7805 5.7805 5.7805 5.7805 4.6378 4.6378 4.6378 5.3520 2.8271
5.6988 5.6988 5.6988 5.6988 5.6988 4.6397 4.6397 4.6397 5.3016 2.8371
5.6137 5.6137 5.6137 5.6137 5.6137 4.6416 4.6416 4.6416 5.2491 2.8471
5.5260 5.5260 5.5260 5.5260 5.5260 4.6434 4.6434 4.6434 5.1950 2.8571
5.4450 5.4450 5.4450 5.4450 5.4450 4.6452 4.6452 4.6452 5.1451 2.8672
5.3685 5.3685 5.3685 5.3685 5.3685 4.6470 4.6470 4.6470 5.0979 2.8772
5.2905 5.2905 5.2905 5.2905 5.2905 4.6487 4.6487 4.6487 5.0498 2.8872
5.2098 5.2098 5.2098 5.2098 5.2098 4.6504 4.6504 4.6504 5.0000 2.8972
5.1263 5.1263 5.1263 5.1263 5.1263 4.6521 4.6521 4.6521 4.9485 2.9073
5.0744 5.0744 5.0744 5.0744 5.0744 4.6537 4.6537 4.6537 4.9167 2.9173
5.0474 5.0474 5.0474 5.0474 5.0474 4.6554 4.6554 4.6554 4.9004 2.9273
5.0183 5.0183 5.0183 5.0183 5.0183 4.6570 4.6570 4.6570 4.8828 2.9373
5.0391 5.0391 5.0391 5.0391 5.0391 4.6585 4.6585 4.6585 4.8964 2.9474
5.0817 5.0817 5.0817 5.0817 5.0817 4.6601 4.6601 4.6601 4.9236 2.9574
5.1263 5.1263 5.1263 5.1263 5.1263 4.6616 4.6616 4.6616 4.9520 2.9674
5.1717 5.1717 5.1717 5.1717 5.1717 4.6631 4.6631 4.6631 4.9810 2.9774
5.2159 5.2159 5.2159 5.2159 5.2159 4.6646 4.6646 4.6646 5.0092 2.9875
5.2575 5.2575 5.2575 5.2575 5.2575 4.6660 4.6660 4.6660 5.0357 2.9975
5.2968 5.2968 5.2968 5.2968 5.2968 4.6675 4.6675 4.6675 5.0608 3.0075
5.3324 5.3324 5.3324 5.3324 5.3324 4.6689 4.6689 4.6689 5.0836 3.0175
5.3647 5.3647 5.3647 5.3647 5.3647 4.6705 4.6705 4.6705 5.1044 3.0276
5.3937 5.3937 5.3937 5.3937 5.3937 4.6721 4.6721 4.6721 5.1231 3.0376
5.4197 5.4197 5.4197 5.4197 5.4197 4.6737 4.6737 4.6737 5.1399 3.0476
5.4431 5.4431 5.4431 5.4431 5.4431 4.6753 4.6753 4.6753 5.1552 3.0576
5.4645 5.4645 5.4645 5.4645 5.4645 4.6768 4.6768 4.6768 5.1691 3.0677
5.4843 5.4843 5.4843 5.4843 5.4843 4.6783 4.6783 4.6783 5.1820 3.0777
5.5031 5.5031 5.5031 5.5031 5.5031 4.6798 4.6798 4.6798 5.1944 3.0877
5.5212 5.5212 5.5212 5.5212 5.5212 4.6813 4.6813 4.6813 5.2062 3.0977
5.5390 5.5390 5.5390 5.5390 5.5390 4.6828 4.6828 4.6828 5.2179 3.1078
5.5565 5.5565 5.5565 5.5565 5.5565 4.6842 4.6842 4.6842 5.2294 3.1178
5.5740 5.5740 5.5740 5.5740 5.5740 4.6856 4.6856 4.6856 5.2409 3.1278
5.5909 5.5909 5.5909 5.5909 5.5909 4.6870 4.6870 4.6870 5.2519 3.1378
5.6075 5.6075 5.6075 5.6075 5.6075 4.6884 4.6884 4.6884 5.2628 3.1479
5.6223 5.6223 5.6223 5.6223 5.6223 4.6898 4.6898 4.6898 5.2726 3.1579
5.6359 5.6359 5.6359 5.6359 5.6359 4.6911 4.6911 4.6911 5.2816 3.1679
5.6465 5.6465 5.6465 5.6465 5.6465 4.6924 4.6924 4.6924 5.2887 3.1779
5.6532 5.6532 5.6532 5.6532 5.6532 4.6937 4.6937 4.6937 5.2934 3.1880
5.6557 5.6557 5.6557 5.6557 5.6557 4.6950 4.6950 4.6950 5.2955 3.1980
5.6526 5.6526 5.6526 5.6526 5.6526 4.6962 4.6962 4.6962 5.2940 3.2080
5.6427 5.6427 5.6427 5.6427 5.6427 4.6975 4.6975 4.6975 5.2882 3.2180
5.6250 5.6250 5.6250 5.6250 5.6250 4.6987 4.6987 4.6987 5.2776 3.2281
5.5987 5.5987 5.5987 5.5987 5.5987 4.6999 4.6999 4.6999 5.2616 3.2381
5.5629 5.5629 5.5629 5.5629 5.5629 4.7011 4.7011 4.7011 5.2397 3.2481
5.5169 5.5169 5.5169 5.5169 5.5169 4.7023 4.7023 4.7023 5.2114 3.2581
5.4601 5.4601 5.4601 5.4601 5.4601 4.7034 4.7034 4.7034 5.1764 3.2682
5.3921 5.3921 5.3921 5.3921 5.3921 4.7046 4.7046 4.7046 5.1343 3.2782
5.3128 5.3128 5.3128 5.3128 5.3128 4.7057 4.7057 4.7057 5.0851 3.2882
5.2222 5.2222 5.2222 5.2222 5.2222 4.7068 4.7068 4.7068 5.0289 3.2982
5.2117 5.2117 5.2117 5.2117 5.2117 4.7079 4.7079 4.7079 5.0228 3.3083
5.3022 5.3022 5.3022 5.3022 5.3022 4.7090 4.7090 4.7090 5.0797 3.3183
5.3874 5.3874 5.3874 5.3874 5.3874 4.7100 4.7100 4.7100 5.1334 3.3283
5.4672 5.4672 5.4672 5.4672 5.4672 4.7111 4.7111 4.7111 5.1837 3.3383
5.5409 5.5409 5.5409 5.5409 5.5409 4.7121 4.7121 4.7121 5.2301 3.3484
5.6081 5.6081 5.6081 5.6081 5.6081 4.7131 4.7131 4.7131 5.2725 3.3584
5.6688 5.6688 5.6688 5.6688 5.6688 4.7141 4.7141 4.7141 5.3108 3.3684
5.7228 5.7228 5.7228 5.7228 5.7228 4.7151 4.7151 4.7151 5.3449 3.3784
5.7704 5.7704 5.7704 5.7704 5.7704 4.7161 4.7161 4.7161 5.3750 3.3885
5.8116 5.8116 5.8116 5.8116 5.8116 4.7171 4.7171 4.7171 5.4011 3.3985
5.8471 5.8471 5.8471 5.8471 5.8471 4.7180 4.7180 4.7180 5.4237 3.4085
5.8769 5.8769 5.8769 5.8769 5.8769 4.7189 4.7189 4.7189 5.4427 3.4185
5.9014 5.9014 5.9014 5.9014 5.9014 4.7199 4.7199 4.7199 5.4583 3.4286
5.9214 5.9214 5.9214 5.9214 5.9214 4.7208 4.7208 4.7208 5.4712 3.4386
5.9371 5.9371 5.9371 5.9371 5.9371 4.7217 4.7217 4.7217 5.4813 3.4486
5.9487 5.9487 5.9487 5.9487 5.9487 4.7226 4.7226 4.7226 5.4889 3.4586
5.9569 5.9569 5.9569 5.9569 5.9569 4.7234 4.7234 4.7234 5.4943 3.4687
5.9614 5.9614 5.9614 5.9614 5.9614 4.7243 4.7243 4.7243 5.4975 3.4787
5.9627 5.9627 5.9627 5.9627 5.9627 4.7252 4.7252 4.7252 5.4986 3.4887
5.9609 5.9609 5.9609 5.9609 5.9609 4.7260 4.7260 4.7260 5.4978 3.4987
5.9565 5.9565 5.9565 5.9565 5.9565 4.7268 4.7268 4.7268 5.4954 3.5088
5.9499 5.9499 5.9499 5.9499 5.9499 4.7276 4.7276 4.7276 5.4915 3.5188
5.9412 5.9412 5.9412 5.9412 5.9412 4.7284 4.7284 4.7284 5.4864 3.5288
5.9308 5.9308 5.9308 5.9308 5.9308 4.7292 4.7292 4.7292 5.4802 3.5388
5.9191 5.9191 5.9191 5.9191 5.9191 4.7300 4.7300 4.7300 5.4732 3.5489
5.9069 5.9069 5.9069 5.9069 5.9069 4.7308 4.7308 4.7308 5.4659 3.5589
5.8941 5.8941 5.8941 5.8941 5.8941 4.7316 4.7316 4.7316 5.4582 3.5689
5.8810 5.8810 5.8810 5.8810 5.8810 4.7323 4.7323 4.7323 5.4502 3.5789
5.8681 5.8681 5.8681 5.8681 5.8681 4.7331 4.7331 4.7331 5.4425 3.5890
5.8560 5.8560 5.8560 5.8560 5.8560 4.7338 4.7338 4.7338 5.4352 3.5990
5.8445 5.8445 5.8445 5.8445 5.8445 4.7345 4.7345 4.7345 5.4283 3.6090
5.8341 5.8341 5.8341 5.8341 5.8341 4.7353 4.7353 4.7353 5.4221 3.6190
5.8254 5.8254 5.8254 5.8254 5.8254 4.7360 4.7360 4.7360 5.4168 3.6291
5.8180 5.8180 5.8180 5.8180 5.8180 4.7367 4.7367 4.7367 5.4125 3.6391
5.8125 5.8125 5.8125 5.8125 5.8125 4.7374 4.7374 4.7374 5.4093 3.6491
5.8092 5.8092 5.8092 5.8092 5.8092 4.7381 4.7381 4.7381 5.4075 3.6591
5.8078 5.8078 5.8078 5.8078 5.8078 4.7389 4.7389 4.7389 5.4069 3.6692
5.8087 5.8087 5.8087 5.8087 5.8087 4.7397 4.7397 4.7397 5.4078 3.6792
5.8121 5.8121 5.8121 5.8121 5.8121 4.7405 4.7405 4.7405 5.4103 3.6892
5.8178 5.8178 5.8178 5.8178 5.8178 4.7413 4.7413 4.7413 5.4141 3.6992
5.8257 5.8257 5.8257 5.8257 5.8257 4.7421 4.7421 4.7421 5.4193 3.7093
5.8363 5.8363 5.8363 5.8363 5.8363 4.7429 4.7429 4.7429 5.4263 3.7193
5.8490 5.8490 5.8490 5.8490 5.8490 4.7437 4.7437 4.7437 5.4345 3.7293
5.8638 5.8638 5.8638 5.8638 5.8638 4.7444 4.7444 4.7444 5.4440 3.7393
5.8807 5.8807 5.8807 5.8807 5.8807 4.7452 4.7452 4.7452 5.4549 3.7494
5.8996 5.8996 5.8996 5.8996 5.8996 4.7459 4.7459 4.7459 5.4670 3.7594
5.9201 5.9201 5.9201 5.9201 5.9201 4.7467 4.7467 4.7467 5.4800 3.7694
5.9419 5.9419 5.9419 5.9419 5.9419 4.7474 4.7474 4.7474 5.4939 3.7794
5.9647 5.9647 5.9647 5.9647 5.9647 4.7481 4.7481 4.7481 5.5085 3.7895
5.9886 5.9886 5.9886 5.9886 5.9886 4.7488 4.7488 4.7488 5.5237 3.7995
6.0208 6.0208 6.0208 6.0208 6.0208 4.7495 4.7495 4.7495 5.5440 3.8095
6.0930 6.0930 6.0930 6.0930 6.0930 4.7502 4.7502 4.7502 5.5895 3.8195
6.1674 6.1674 6.1674 6.1674 6.1674 4.7509 4.7509 4.7509 5.6362 3.8296
6.2439 6.2439 6.2439 6.2439 6.2439 4.7516 4.7516 4.7516 5.6843 3.8396
6.3223 6.3223 6.3223 6.3223 6.3223 4.7522 4.7522 4.7522 5.7335 3.8496
6.4021 6.4021 6.4021 6.4021 6.4021 4.7529 4.7529 4.7529 5.7836 3.8596
6.4829 6.4829 6.4829 6.4829 6.4829 4.7536 4.7536 4.7536 5.8344 3.8697
6.5645 6.5645 6.5645 6.5645 6.5645 4.7542 4.7542 4.7542 5.8856 3.8797
6.6466 6.6466 6.6466 6.6466 6.6466 4.7548 4.7548 4.7548 5.9372 3.8897
6.7288 6.7288 6.7288 6.7288 6.7288 4.7555 4.7555 4.7555 5.9888 3.8997
6.8105 6.8105 6.8105 6.8105 6.8105 4.7561 4.7561 4.7561 6.0401 3.9098
6.8913 6.8913 6.8913 6.8913 6.8913 4.7567 4.7567 4.7567 6.0908 3.9198
6.9709 6.9709 6.9709 6.9709 6.9709 4.7616 4.7616 4.7616 6.1424 3.9298
7.0490 7.0490 7.0490 7.0490 7.0490 4.7680 4.7680 4.7680 6.1936 3.9398
7.1253 7.1253 7.1253 7.1253 7.1253 4.7743 4.7743 4.7743 6.2437 3.9499
7.1992 7.1992 7.1992 7.1992 7.1992 4.7806 4.7806 4.7806 6.2922 3.9599
7.2702 7.2702 7.2702 7.2702 7.2702 4.7868 4.7868 4.7868 6.3389 3.9699
7.3379 7.3379 7.3379 7.3379 7.3379 4.7930 4.7930 4.7930 6.3836 3.9799
7.4022 7.4022 7.4022 7.4022 7.4022 4.7992 4.7992 4.7992 6.4261 3.9900
7.4631 7.4631 7.4631 7.4631 7.4631 4.8055 4.8055 4.8055 6.4665 4.0000
